19 66
80 36
17 77
76 9
33 162
24 8
33 70
50 57
52 80
4 71
49 77
25 35
70 7
83 62
29 101
62 32
20 140
68 49
3 198
34 39
23 45
99 15
17 80
37 64
60 23
20 164
89 16
18 100
68 44
56 1
61 97
25 158
91 59
24 185
68 6
30 114
25 56
66 55
2 134
83 67
71 18
60 5
31 31
15 56
10 173
62 54
66 58
3 11
13 81
22 120
41 10
16 82
18 86
36 30
24 147
14 92
53 14
1 191
25 135
23 109
53 41
61 53
35 81
10 130
24 15
55 14
6 35
23 138
46 36
34 25
15 64
25 96
8 31
56 1
14 9
22 123
42 15
56 64
72 76
81 18
34 7
33 157
28 43
44 38
59 49
87 11
69 3
23 90
26 37
28 1
12 42
92 27
23 55
85 13
24 169
45 16
20 67
52 63
20 91
9 27
