22 150
18 52
32 66
20 103
19 78
11 112
10 25
28 88
8 63
16 26
78 11
76 71
4 22
14 93
10 182
54 21
6 148
89 65
100 40
72 24
15 3
61 61
18 22
7 86
69 66
6 193
34 169
1 136
43 115
23 139
62 53
97 26
39 49
71 68
31 117
40 37
12 47
20 11
10 131
91 20
47 122
18 113
86 23
14 173
17 1
46 5
4 143
3 94
75 19
86 27
23 194
4 97
8 199
29 172
61 41
48 60
95 28
52 58
24 152
31 48
17 145
16 167
8 165
32 1
80 25
13 121
20 17
15 19
25 146
33 33
21 127
63 6
24 64
2 198
13 70
11 7
37 100
62 23
1 66
17 165
31 21
31 102
23 98
90 10
81 30
24 2
3 41
11 46
18 125
37 6
80 11
15 115
40 44
26 31
7 48
27 21
11 56
16 2
42 91
98 38
