9 146
27 88
10 26
56 83
52 66
13 45
22 52
18 4
72 49
39 136
87 23
14 106
61 97
71 82
22 6
62 45
14 174
12 83
3 192
27 62
17 94
75 30
8 36
89 44
21 121
24 41
60 25
44 16
45 5
100 26
16 17
17 84
53 20
24 77
8 148
56 34
7 179
44 90
30 10
94 15
71 37
11 125
19 186
16 152
29 134
1 176
1 199
69 15
17 174
56 16
74 3
30 119
100 8
47 18
16 91
38 80
2 132
15 105
84 59
19 154
36 76
98 7
41 15
8 60
74 46
17 137
9 149
32 60
7 149
7 88
9 127
13 172
8 191
19 183
64 38
66 11
45 116
6 10
7 136
90 53
1 57
27 57
32 45
18 167
29 89
21 77
48 107
30 147
17 147
15 22
12 6
10 150
34 134
9 145
42 6
99 17
18 96
21 57
29 127
52 58
