46 63
33 92
14 99
6 33
26 77
69 8
56 33
17 12
11 145
8 195
75 47
35 73
55 22
4 143
30 8
22 51
16 1
8 191
19 40
12 11
6 181
73 17
18 186
23 27
83 46
2 83
22 5
22 100
37 153
22 180
71 14
34 24
22 83
40 18
52 27
56 22
25 119
51 75
17 42
31 79
54 43
79 46
98 17
19 76
67 28
83 9
22 5
48 25
16 138
2 37
36 114
93 26
10 30
35 164
47 22
20 96
19 45
11 23
1 93
76 50
96 1
48 100
44 96
50 74
37 70
4 139
1 148
2 143
20 160
6 33
67 45
47 110
48 43
26 200
8 144
7 196
48 7
12 20
26 106
16 200
6 82
16 120
39 20
75 37
99 8
34 104
46 124
92 3
14 173
37 29
13 108
30 119
63 23
13 17
32 148
71 11
36 156
62 57
27 89
17 100
