18 4
28 17
98 15
55 2
32 153
19 95
9 183
25 36
34 50
11 6
36 2
44 78
55 88
17 126
43 135
5 17
41 30
1 39
52 46
6 188
19 114
55 16
33 23
19 32
27 133
76 40
25 61
7 152
1 81
31 1
56 80
9 5
21 32
40 45
65 1
11 55
2 51
29 16
34 147
15 146
14 177
8 186
75 19
27 160
14 72
43 73
16 91
50 50
9 146
19 66
22 94
4 46
47 88
46 61
18 189
26 131
30 77
48 9
32 1
39 57
63 46
89 16
48 55
14 139
22 151
72 31
9 162
89 19
19 114
2 38
14 71
19 119
14 19
82 64
28 24
49 81
8 65
18 133
13 40
70 13
99 33
4 100
83 68
18 69
15 194
16 138
4 51
9 186
40 11
37 80
7 149
35 138
5 79
26 60
1 1
16 64
39 61
9 144
46 7
79 31
