9 133
24 193
9 183
69 5
34 44
10 141
30 1
65 90
1 198
35 54
21 30
11 93
42 47
19 76
22 107
33 108
19 161
91 40
80 26
57 96
66 68
86 37
68 47
12 64
14 74
43 30
26 105
23 116
9 55
52 45
2 143
7 64
16 62
37 11
7 42
6 67
1 47
53 7
11 27
58 20
96 53
50 2
56 49
93 23
33 2
19 81
19 178
17 85
19 55
36 150
29 92
29 150
60 63
88 13
20 80
5 80
92 30
59 27
7 121
91 8
10 79
42 54
35 64
22 34
87 1
35 27
26 144
63 21
22 51
88 9
93 38
67 22
23 72
24 100
33 12
95 3
30 83
53 9
34 59
77 5
52 53
38 148
4 43
37 78
27 119
20 196
1 130
19 173
1 96
79 51
22 136
5 62
20 20
9 102
9 138
52 70
17 11
66 26
23 76
30 147
