2 94
40 12
17 184
74 21
41 47
2 113
47 106
91 9
97 16
35 57
32 157
33 74
29 42
37 1
16 28
96 19
99 27
71 27
78 49
94 30
64 48
31 62
51 14
29 148
26 82
6 181
40 39
48 120
48 2
27 30
78 33
55 13
42 62
93 31
12 128
18 76
45 40
56 16
3 36
9 115
87 12
6 20
37 93
20 150
50 92
15 94
42 87
47 12
19 95
11 191
34 31
57 58
30 64
7 20
88 28
23 163
2 152
72 39
2 118
6 85
51 108
85 28
40 61
74 1
18 172
53 58
11 114
9 150
93 12
66 23
59 23
83 18
40 86
2 1
27 7
21 130
100 29
31 51
1 112
27 49
27 142
1 71
35 171
13 105
83 21
20 144
15 107
30 17
12 12
45 47
1 116
23 188
17 165
96 49
39 26
41 144
56 38
68 23
62 3
1 123
