21 6
42 83
1 117
92 3
26 21
47 82
7 100
74 76
94 5
2 133
26 102
29 125
32 108
10 114
13 196
41 29
15 42
35 9
1 28
16 194
15 131
11 169
26 5
6 134
73 72
31 187
1 33
96 10
82 25
60 35
57 20
45 39
7 131
24 33
17 154
77 40
61 16
87 43
23 79
6 152
42 11
69 83
4 170
14 67
5 95
27 86
49 61
21 91
21 175
13 136
11 92
85 14
28 5
54 58
29 157
37 58
84 25
27 113
34 1
34 151
4 157
24 20
90 42
12 166
23 48
39 34
9 105
95 28
58 24
33 5
20 53
44 100
17 82
80 34
36 111
24 136
53 99
62 53
6 167
7 62
56 50
10 25
49 1
1 43
7 9
44 119
46 60
7 54
17 158
17 11
24 59
89 66
16 155
28 40
9 57
15 39
59 61
56 21
93 12
74 22
