89 20
6 22
28 9
98 14
15 182
17 110
82 38
19 98
16 129
5 33
15 178
88 16
82 22
24 3
12 142
88 43
34 50
13 61
7 89
89 8
80 19
34 120
35 28
51 23
11 23
53 43
36 102
44 56
54 17
75 31
39 31
27 168
30 91
6 155
17 167
61 38
22 41
13 17
81 48
2 149
46 107
14 57
45 78
29 69
17 101
25 91
6 197
10 1
45 17
95 54
97 14
25 146
17 52
26 81
12 141
33 147
25 71
19 21
13 119
49 96
99 15
14 16
11 157
21 114
54 41
31 87
44 92
38 15
48 103
6 193
57 25
20 42
19 119
5 181
34 165
54 58
23 57
91 20
49 28
73 3
86 17
21 17
9 82
6 65
35 63
7 140
55 72
95 23
61 19
63 35
15 165
62 76
43 18
30 92
20 78
8 146
38 45
42 83
19 14
25 40
