19 155
89 58
14 8
38 77
77 24
54 62
46 30
12 7
9 94
1 30
87 31
16 85
10 195
57 43
97 12
25 30
34 75
56 58
3 67
15 122
13 32
9 23
28 13
7 188
30 143
70 45
47 14
2 18
31 39
27 161
66 80
18 106
67 17
45 131
16 9
19 193
97 24
3 48
5 134
3 86
36 128
52 103
59 12
13 68
5 133
83 21
52 52
46 73
16 80
1 100
13 5
21 173
44 78
39 22
12 130
35 113
24 56
63 9
63 12
5 77
41 108
22 81
48 74
6 15
35 4
10 171
9 193
6 105
36 138
58 66
33 117
50 15
8 147
5 128
36 31
10 199
86 29
73 44
71 40
3 181
3 44
10 36
25 91
24 134
50 24
17 181
74 14
56 86
1 51
20 53
24 91
40 88
17 124
30 115
33 7
73 14
9 83
31 122
51 49
15 69
