36 81
32 80
18 51
39 75
17 49
75 49
13 39
13 106
9 22
4 196
26 77
24 167
58 46
88 6
50 28
59 45
85 58
13 39
2 42
67 51
51 9
64 38
7 93
22 31
9 187
10 122
43 58
8 173
21 72
7 117
94 39
2 98
25 156
7 103
25 22
2 162
91 35
77 77
43 67
25 171
11 104
40 91
37 42
13 29
6 144
6 135
39 22
53 25
37 80
26 155
88 42
13 135
56 71
37 4
25 25
69 13
83 9
52 12
47 17
2 13
74 48
23 180
26 71
19 45
84 65
67 48
5 41
26 98
99 12
62 16
90 39
46 32
3 120
30 7
21 150
92 40
28 192
2 83
27 91
6 127
69 81
25 122
14 72
21 18
55 44
54 34
4 5
94 3
9 43
10 151
63 24
63 6
43 60
19 148
9 159
37 18
51 85
20 35
80 25
10 134
