2 59
41 138
38 79
62 15
1 61
37 107
13 162
50 36
45 86
23 38
67 33
34 7
47 66
7 167
74 16
7 189
20 125
25 115
17 194
17 107
5 122
3 141
8 6
78 75
76 17
21 136
17 70
15 109
44 16
38 43
62 11
21 34
28 43
27 33
59 39
4 171
21 68
89 11
65 85
43 3
51 66
22 78
50 37
59 24
14 29
10 121
32 14
55 105
15 44
39 52
34 115
88 23
14 123
13 61
61 31
34 70
34 56
34 82
60 41
39 33
30 32
21 82
42 19
3 187
67 83
2 74
79 69
9 57
36 99
58 7
20 140
40 7
70 42
94 9
8 86
33 166
12 145
32 121
12 121
13 172
2 24
2 77
49 108
20 124
27 28
89 53
40 10
23 98
17 86
39 100
53 65
71 62
7 110
32 34
58 26
16 198
44 71
98 1
48 65
29 47
