21 175
14 183
27 124
33 12
33 10
42 51
10 177
33 115
44 56
12 93
72 74
45 83
26 130
58 53
24 97
95 38
2 78
73 10
31 8
18 195
4 157
12 80
61 19
51 99
17 10
32 4
48 25
25 99
23 90
36 132
4 185
2 79
31 159
58 24
35 156
80 40
10 55
5 95
1 62
13 64
69 79
6 89
21 140
36 147
13 65
36 71
14 42
16 124
3 38
69 22
63 42
7 174
32 40
35 89
26 5
23 62
8 146
63 21
8 152
37 35
47 32
37 18
61 40
10 35
9 70
2 29
61 64
64 26
96 51
86 33
89 18
28 85
14 180
61 11
5 156
15 134
11 3
66 63
1 131
82 37
78 12
98 2
67 23
14 60
67 88
61 10
48 62
15 34
1 148
63 48
50 16
15 125
18 74
84 42
1 163
1 129
17 130
23 36
10 121
27 50
