64 24
19 10
16 133
41 28
14 72
16 71
34 135
82 45
91 6
97 27
62 23
8 114
14 89
14 116
15 187
10 71
21 166
16 162
70 5
16 115
93 8
56 16
74 9
70 79
27 191
7 27
21 12
28 194
58 18
49 106
13 9
42 37
1 148
37 68
17 176
61 34
93 22
46 6
86 61
36 104
20 102
14 85
66 56
2 6
2 150
38 96
90 22
34 66
5 1
12 170
56 24
55 24
6 24
53 1
47 2
28 69
55 23
39 81
63 84
18 51
2 36
8 21
89 5
22 97
69 19
38 23
15 101
72 67
61 44
13 74
5 122
6 138
10 49
4 23
28 37
43 131
50 56
58 35
9 179
78 10
32 125
3 164
11 132
19 18
44 78
63 43
94 30
3 31
46 8
10 152
68 16
25 8
6 90
25 144
41 66
8 91
29 70
53 91
34 107
53 50
