73 61
83 43
40 24
2 150
33 2
29 154
85 4
37 41
58 52
20 21
34 58
50 11
56 98
95 41
4 61
17 12
50 16
66 45
13 101
22 132
86 20
85 18
7 169
76 36
58 57
6 122
19 47
71 23
40 27
77 63
18 48
58 13
97 5
37 8
58 22
15 170
44 18
9 197
12 130
21 159
96 7
88 62
18 44
4 7
86 34
41 122
29 76
70 57
41 1
51 53
37 22
65 2
6 44
45 45
29 103
85 15
91 43
12 152
25 28
70 24
26 148
51 36
9 89
68 41
10 6
30 87
79 18
27 82
74 35
19 28
32 112
32 13
26 152
41 119
4 87
30 140
1 198
39 81
34 54
84 13
49 26
13 80
68 34
12 104
23 27
5 29
15 122
52 72
23 172
45 104
18 26
19 147
32 14
58 14
11 9
47 48
6 155
51 45
29 142
6 171
