46 16
4 187
24 200
70 84
30 174
26 7
8 11
23 143
94 2
42 51
100 19
26 140
2 48
61 91
50 108
20 160
38 10
50 111
55 7
29 74
48 31
1 15
49 28
33 15
19 172
68 44
39 144
10 197
24 87
18 198
18 38
59 52
67 42
99 1
44 18
1 20
36 75
4 175
61 6
36 111
48 87
39 17
28 5
31 67
21 101
16 111
64 56
6 7
82 31
14 90
44 40
69 14
8 184
24 18
62 29
42 79
1 13
38 6
9 137
12 135
6 100
3 124
37 73
14 123
31 38
39 87
32 31
37 32
40 10
8 160
92 13
16 29
12 169
5 127
10 3
51 77
19 95
97 33
20 18
3 117
5 196
67 41
64 70
25 45
25 147
61 77
29 68
23 155
5 65
6 5
29 104
10 75
14 190
68 4
44 39
4 40
52 67
26 63
74 23
75 41
