2 178
7 132
30 125
40 42
83 23
2 156
12 186
41 43
39 95
73 46
56 23
4 70
27 107
5 196
29 59
14 129
24 23
30 172
6 121
17 157
21 85
68 7
49 21
39 27
57 58
69 24
34 87
18 192
35 151
92 43
85 17
7 170
81 18
4 81
93 19
26 182
41 104
32 103
45 57
62 32
24 24
4 19
59 24
16 190
36 109
73 51
57 67
69 54
3 114
2 184
18 108
63 18
46 110
29 70
31 121
72 12
2 128
5 12
10 171
47 48
75 41
68 47
62 77
100 20
44 53
50 67
17 9
28 99
18 21
14 139
34 38
67 38
15 121
48 122
59 24
2 37
12 157
13 57
11 175
10 187
21 98
42 95
12 3
95 15
73 19
69 83
10 187
22 2
36 83
62 7
38 152
74 47
18 23
23 39
25 188
5 37
7 3
18 73
10 139
6 126
