5 144
3 27
35 14
49 20
42 27
79 51
4 9
2 81
80 71
99 27
60 41
60 50
17 73
60 23
68 64
58 48
7 51
39 3
52 34
68 15
24 22
84 28
6 196
42 37
70 28
79 31
11 57
3 190
56 22
16 50
40 33
52 92
11 147
32 98
72 36
70 38
42 52
12 120
62 6
8 51
1 39
4 22
5 112
82 35
21 188
18 40
1 61
22 104
27 41
41 80
8 7
70 48
17 191
15 80
65 76
32 186
25 69
1 141
44 13
18 71
91 7
69 47
49 8
99 12
21 125
54 5
58 27
13 103
45 74
30 86
25 149
7 11
16 103
36 76
26 72
5 23
29 26
36 37
11 87
68 70
24 101
14 21
40 9
63 54
28 83
35 159
36 15
61 65
20 166
4 45
9 154
82 18
100 38
53 92
89 5
34 79
18 44
57 64
25 162
10 12
