82 17
88 45
99 35
31 3
35 94
59 42
56 66
49 75
22 47
16 22
3 148
62 37
63 10
8 127
33 92
11 44
54 37
7 62
8 99
35 40
10 126
1 194
86 13
39 144
12 41
14 49
6 184
1 28
1 24
37 34
14 199
86 54
7 38
10 168
73 12
61 64
4 49
84 67
93 32
5 168
66 48
67 27
7 9
2 136
61 93
72 30
42 97
2 190
28 94
7 74
14 50
67 33
29 149
95 22
83 54
34 75
66 56
60 70
31 118
24 192
36 67
80 19
3 54
30 58
12 60
67 2
25 111
5 100
35 113
8 83
22 159
3 37
29 8
15 98
39 26
6 105
10 54
53 56
16 37
20 191
28 94
21 45
31 25
48 19
26 131
3 164
1 159
17 179
8 54
40 31
60 10
7 45
11 114
44 40
3 64
8 138
26 148
83 38
47 108
9 124
