10 165
75 30
92 15
91 50
20 41
26 179
34 9
35 73
6 128
2 118
39 49
98 2
14 44
24 152
95 13
10 159
38 67
6 100
36 5
33 113
57 9
4 42
57 85
60 37
86 46
91 41
11 65
8 59
6 156
51 33
64 23
13 119
17 104
82 4
26 87
36 21
20 92
92 5
20 170
77 53
63 32
74 58
1 200
14 150
61 36
32 87
24 98
43 31
99 19
95 33
23 75
9 148
1 128
11 74
37 22
24 80
33 60
19 171
29 124
35 59
19 27
47 35
5 146
19 172
5 192
54 34
43 63
28 49
45 27
38 14
34 106
77 6
14 73
20 126
3 101
36 89
100 30
17 2
73 19
39 152
14 59
84 54
46 89
50 44
15 86
25 153
36 47
16 78
11 120
58 103
34 37
31 124
35 168
11 82
89 35
9 5
48 34
7 36
17 133
4 32
