37 162
23 70
59 51
4 33
5 153
16 187
6 52
36 26
45 30
3 148
88 16
11 19
21 164
2 105
22 169
19 133
52 19
36 69
62 25
7 55
47 52
56 66
10 6
10 71
2 161
61 84
7 173
78 22
16 194
2 148
38 3
8 86
21 80
34 49
2 52
55 27
18 100
35 14
14 189
49 47
35 69
57 78
48 38
3 189
85 36
84 44
42 38
7 135
27 156
38 17
67 51
21 108
65 92
1 72
11 88
71 13
2 106
38 50
11 162
29 168
56 32
58 11
70 20
62 19
38 45
27 131
57 25
53 35
10 1
88 30
34 88
84 69
22 106
1 34
3 116
18 164
14 145
21 97
94 46
8 135
25 76
45 3
13 33
43 20
41 109
75 13
7 92
66 32
49 44
8 187
42 35
58 53
48 45
34 70
28 133
88 35
31 8
27 173
41 37
5 130
