26 60
38 149
83 2
48 74
52 8
13 90
78 21
48 1
3 187
74 35
5 108
72 13
15 160
17 27
82 22
28 58
27 133
88 9
94 30
19 40
3 42
38 11
70 43
4 2
70 15
73 31
12 181
16 125
25 119
94 22
90 23
42 87
91 40
2 83
14 134
72 60
53 87
39 81
40 17
21 55
21 27
65 29
38 45
63 92
99 1
41 20
2 150
62 56
18 131
3 117
25 165
6 96
7 138
26 142
76 27
83 2
82 29
18 130
20 120
36 165
21 181
19 87
40 25
16 49
7 139
27 83
87 28
16 51
5 82
19 62
97 42
20 47
18 67
69 47
40 10
30 106
98 44
15 82
19 192
59 5
19 33
95 5
42 52
8 83
18 93
73 34
21 90
78 17
51 28
5 1
35 9
40 30
41 35
23 41
46 39
92 9
40 110
83 61
21 110
43 31
