5 9
100 9
29 27
48 47
45 52
59 58
44 106
67 35
12 35
31 125
30 87
16 82
21 193
23 176
6 137
9 71
6 88
64 12
86 33
24 80
79 74
21 3
8 84
23 126
10 168
27 128
16 5
40 39
7 78
37 123
41 59
64 4
23 16
12 104
23 171
89 67
26 132
35 47
38 72
12 151
30 128
1 46
21 31
20 13
65 49
35 121
47 76
36 53
23 59
74 18
2 94
62 49
22 81
58 19
8 166
47 29
2 193
3 178
50 51
51 73
98 6
15 15
10 51
85 16
1 152
36 60
19 174
21 170
34 40
88 24
67 56
9 96
98 44
4 93
51 1
3 153
23 12
36 67
79 71
78 28
19 172
37 154
7 183
5 105
15 158
27 21
63 19
18 86
63 19
36 38
7 5
27 57
55 48
5 200
8 106
29 86
19 99
10 178
29 47
84 11
