27 10
33 118
94 2
37 35
10 13
15 178
32 166
75 78
14 186
50 39
62 18
53 33
35 103
13 127
92 34
3 80
49 13
4 88
15 24
10 16
8 108
4 128
17 109
7 183
92 8
21 117
48 64
3 121
30 197
36 102
45 51
43 55
38 88
23 43
23 138
59 9
29 8
35 20
24 1
47 16
8 156
23 165
8 2
47 35
3 36
10 8
14 111
83 30
58 98
28 1
5 90
34 57
67 89
49 102
8 92
62 1
80 29
50 67
10 21
10 4
2 36
40 55
1 8
26 25
3 34
24 89
76 21
49 42
62 40
12 110
26 10
14 54
31 108
1 145
90 24
18 83
34 74
20 30
18 126
60 89
49 82
39 81
32 2
10 95
14 177
16 177
90 41
55 76
23 54
67 79
47 58
37 41
9 51
9 3
62 19
8 190
43 91
2 172
16 124
9 104
