4 114
46 69
52 19
57 61
33 23
5 8
70 12
72 18
4 132
39 47
70 2
69 26
4 159
8 182
26 61
68 68
45 18
53 45
76 1
93 16
7 15
18 41
36 3
28 76
90 16
22 27
5 55
39 91
36 25
14 113
28 67
18 24
84 45
33 87
16 181
9 141
26 107
24 100
4 157
36 38
10 151
31 50
21 139
7 32
33 140
25 151
21 57
92 63
66 19
92 22
46 57
24 14
57 37
17 138
19 71
81 4
8 91
51 6
63 7
100 20
19 122
76 71
27 131
37 146
79 38
42 136
29 94
16 102
2 147
13 177
18 64
63 86
4 163
22 21
74 18
16 54
16 147
57 53
16 44
19 41
76 4
54 36
81 10
44 85
4 161
3 100
5 43
41 56
30 26
50 61
33 52
38 28
17 124
87 45
76 55
57 74
69 29
10 189
47 88
75 5
