27 84
62 37
58 96
13 2
71 50
71 20
2 83
4 76
71 38
3 1
55 27
2 55
7 114
90 35
76 48
60 28
10 10
23 52
41 90
88 4
59 22
40 104
43 100
24 121
45 31
52 36
2 52
37 12
74 37
11 110
54 92
4 14
19 46
68 84
50 106
13 47
19 152
8 14
24 15
42 122
8 13
21 31
63 85
45 62
92 41
34 43
57 3
65 52
89 33
79 50
42 17
20 72
4 63
75 6
91 42
46 37
5 152
14 89
13 14
38 46
14 51
89 18
8 173
45 18
89 36
1 111
2 172
100 37
83 72
96 3
53 40
84 20
15 7
25 111
100 9
30 85
25 43
11 93
5 183
78 8
7 3
21 32
73 18
21 187
16 166
72 36
81 27
38 67
35 4
10 70
62 24
72 54
30 7
8 180
22 185
99 33
30 2
51 25
27 104
19 173
