9 165
25 33
14 16
6 97
78 52
30 51
13 87
4 18
33 1
69 77
34 107
85 1
6 5
50 71
74 20
40 100
12 79
33 129
23 124
4 130
23 60
23 78
92 37
8 66
99 30
48 11
22 154
11 80
4 51
24 127
66 61
1 171
26 97
16 39
4 52
2 175
19 26
44 74
23 153
57 31
3 186
26 148
8 131
24 139
39 78
49 57
96 14
72 29
50 56
12 53
20 3
41 28
6 100
1 160
15 53
32 42
4 77
25 5
37 98
37 88
34 111
57 103
12 152
10 14
24 157
78 1
4 151
23 144
96 18
27 79
83 33
62 35
4 200
41 101
92 19
55 68
16 168
13 64
94 19
5 50
82 53
2 188
52 35
14 114
37 40
5 163
77 36
89 62
17 75
60 8
6 97
21 76
64 14
62 18
48 10
88 62
34 108
33 171
26 120
2 19
