76 41
9 133
38 73
46 124
72 40
9 144
43 10
68 74
19 30
8 103
90 5
50 108
59 39
20 81
9 22
20 8
14 109
59 6
15 10
14 76
15 32
76 20
29 102
36 84
39 2
74 33
17 111
36 79
78 75
78 16
32 122
88 10
89 34
12 24
82 14
75 40
27 2
80 4
17 59
98 54
44 11
12 67
54 26
4 151
9 77
93 42
38 68
87 24
21 147
72 69
5 171
34 161
17 179
64 81
24 87
24 109
27 79
53 47
22 150
29 114
96 5
21 68
23 53
15 78
14 145
6 87
34 70
98 17
5 74
64 53
34 167
31 106
4 159
24 40
50 4
65 9
9 43
41 36
36 58
10 44
96 32
21 23
3 157
94 35
15 104
69 25
38 140
96 14
94 12
3 3
76 14
68 6
29 16
26 8
12 44
18 164
26 21
42 8
7 75
21 69
