1 49
28 54
5 99
16 189
4 122
58 2
65 15
46 46
49 19
21 136
8 191
33 119
10 60
23 143
24 83
38 144
27 151
11 119
82 43
6 128
59 75
34 69
22 41
48 33
9 58
25 70
19 71
37 12
27 78
73 4
13 142
32 80
91 14
38 17
77 31
13 119
15 75
81 12
35 130
31 156
4 41
36 78
38 55
3 75
30 46
22 108
98 8
26 14
5 116
22 11
59 11
9 100
65 53
6 13
49 57
2 97
99 43
2 137
18 194
1 2
90 7
6 61
38 150
11 65
74 34
15 28
22 102
13 141
35 88
58 27
41 69
59 39
15 16
29 80
30 129
65 58
74 39
23 165
15 69
9 127
36 7
17 147
28 114
22 119
38 52
34 151
57 43
13 133
1 59
34 54
17 83
1 171
17 99
18 57
32 5
12 152
77 62
84 10
62 12
68 78
