95 40
45 41
48 30
15 182
56 53
2 1
48 38
4 69
1 33
52 72
37 33
92 16
13 1
31 102
76 6
75 5
68 41
57 38
13 91
11 32
26 173
2 32
66 20
14 132
25 35
67 64
20 193
71 34
27 28
11 50
19 14
25 95
92 5
47 48
18 29
26 67
4 75
10 106
79 8
42 16
4 182
47 17
13 1
17 25
85 2
3 91
20 168
91 42
16 112
22 93
17 2
79 39
3 78
23 24
5 173
13 18
25 42
73 26
84 7
21 192
56 56
88 22
24 41
12 197
22 82
8 17
30 71
9 63
24 192
74 50
84 13
10 141
86 19
46 10
10 16
75 57
23 34
7 85
25 191
65 52
94 62
21 189
24 71
86 39
32 11
48 62
74 26
23 167
100 58
10 16
90 2
38 131
23 102
46 29
54 56
58 49
23 178
57 47
43 81
59 48
