6 125
70 23
12 189
28 42
24 3
13 51
28 80
19 174
33 126
5 165
44 46
10 105
11 91
76 35
5 70
69 28
12 95
74 48
99 20
27 162
5 119
12 143
33 59
69 14
72 21
57 70
31 69
4 14
47 34
4 30
31 33
3 24
2 50
99 13
4 43
18 45
9 188
31 97
14 130
12 97
50 18
13 100
2 27
72 51
69 22
43 37
57 15
2 64
63 54
27 153
23 73
34 56
9 48
52 50
80 12
26 162
29 72
13 127
25 133
15 147
10 165
52 77
90 40
59 41
58 53
73 49
97 9
35 91
12 12
19 99
93 43
3 76
92 28
13 77
18 198
89 47
29 150
9 36
9 116
80 11
48 90
5 56
12 149
58 30
13 73
69 22
2 14
77 70
10 15
8 174
23 78
87 38
99 29
21 179
14 173
19 110
25 150
7 16
49 69
32 184
