22 87
63 5
40 23
1 196
18 150
33 124
10 85
10 58
56 55
22 9
17 41
36 91
26 184
31 146
43 91
1 175
15 85
25 5
36 18
79 27
36 27
21 173
27 37
29 196
24 103
23 146
60 43
18 17
6 13
8 129
30 69
35 54
6 92
2 142
30 97
4 95
40 41
81 20
36 49
73 3
30 49
81 43
68 21
55 15
9 189
68 13
100 9
28 200
28 113
3 109
7 82
47 124
20 79
2 58
4 123
22 16
77 39
100 3
76 29
30 184
71 83
34 105
30 51
82 2
57 50
31 156
8 49
31 45
14 193
25 113
29 105
47 42
24 97
18 32
5 86
5 73
99 39
12 117
66 15
11 50
81 41
87 15
4 104
22 174
5 165
43 75
29 111
10 26
54 6
10 191
18 185
43 6
29 58
73 25
24 182
92 6
45 50
59 54
83 45
11 32
