62 48
87 20
20 4
18 182
27 122
14 165
19 150
21 19
1 19
13 153
95 10
72 73
11 98
27 116
14 66
66 59
31 71
84 66
64 14
57 80
66 28
36 67
30 65
65 30
16 1
6 151
42 92
10 34
59 44
33 59
14 54
15 64
12 27
35 2
26 68
71 37
10 120
96 19
22 54
9 58
30 116
9 103
33 136
24 118
35 34
91 43
39 15
22 55
71 21
17 70
2 158
51 75
23 134
5 85
49 37
9 121
9 54
34 60
23 120
30 169
55 108
2 177
78 46
40 29
25 107
61 12
43 3
4 131
24 187
30 110
25 200
4 114
26 31
55 69
15 129
27 111
8 197
36 75
28 47
10 123
65 23
48 72
46 53
14 67
1 52
4 119
16 105
78 32
13 49
4 26
83 44
1 122
9 92
91 50
94 22
24 8
9 87
57 74
9 97
16 124
