39 97
61 96
63 84
26 45
26 79
8 186
64 19
20 52
3 36
37 10
50 37
5 61
29 42
98 15
50 19
26 166
37 106
1 23
50 116
53 25
3 181
63 36
14 168
89 22
34 13
5 145
20 182
41 103
9 119
45 24
83 33
39 116
40 46
17 36
39 1
18 159
91 35
40 50
79 14
97 39
86 28
7 124
24 54
5 73
54 13
6 31
41 61
72 24
79 24
11 184
45 128
43 31
2 128
20 197
39 110
7 199
37 138
27 61
38 75
85 7
34 2
12 120
17 65
24 15
16 198
35 7
44 21
27 58
38 69
21 61
67 58
4 44
19 169
24 200
44 38
10 32
14 92
17 126
34 113
94 3
95 25
1 98
3 117
28 51
28 13
26 18
33 96
9 108
1 21
52 65
35 74
14 186
21 60
1 139
39 41
20 135
11 133
33 39
65 54
79 44
