5 112
4 3
1 26
12 21
47 42
57 33
7 28
38 80
46 42
77 18
45 59
10 97
52 86
3 55
67 62
29 125
79 50
7 54
10 72
4 182
45 20
52 71
24 24
78 51
74 69
8 140
14 73
69 46
87 32
24 73
94 47
85 9
15 101
10 72
37 22
15 85
29 66
58 35
4 186
10 173
25 58
30 13
13 197
14 39
20 131
33 66
18 126
52 72
11 157
12 8
37 38
32 54
30 135
58 74
34 45
58 26
13 24
15 161
47 22
27 101
24 131
13 56
39 96
79 44
33 169
49 37
8 107
54 90
75 13
72 36
98 10
82 35
47 58
23 120
37 95
13 192
70 15
94 18
74 27
36 28
46 9
43 37
20 72
27 55
9 180
13 29
3 159
26 129
28 123
63 15
55 24
6 169
27 3
34 165
41 59
10 162
3 43
25 113
45 66
36 147
