8 97
70 27
16 90
5 141
49 80
12 95
28 61
7 195
15 142
9 121
30 108
49 115
3 144
93 35
26 126
72 17
85 17
13 72
66 72
52 72
11 7
52 57
40 12
4 109
23 180
23 107
99 37
26 49
23 80
50 64
34 91
29 39
20 24
23 180
24 153
37 126
62 52
63 29
54 48
56 10
31 6
14 18
74 75
94 18
93 33
16 47
16 78
9 196
21 137
26 145
4 188
43 8
42 37
86 1
92 57
10 86
20 162
6 148
58 1
5 171
69 20
74 43
1 123
29 193
68 5
27 16
61 57
55 60
13 153
21 128
43 56
10 18
2 197
75 19
15 54
45 39
21 75
78 24
33 86
56 72
17 149
66 40
88 17
28 49
3 27
58 10
62 13
19 16
61 38
85 34
86 16
87 14
48 102
16 113
19 166
28 45
21 80
11 41
36 68
65 6
