90 10
12 189
83 30
14 75
1 75
98 7
23 111
36 122
6 132
12 149
58 29
31 22
22 119
87 7
98 29
71 26
49 76
72 9
74 47
48 116
18 19
88 10
54 63
35 85
21 102
14 175
5 61
25 81
16 82
72 10
1 118
9 87
76 36
9 36
27 102
41 128
10 138
17 68
76 63
40 44
19 133
37 82
8 82
11 148
4 11
18 135
65 12
52 16
50 47
82 45
12 56
43 65
98 3
52 1
18 11
5 159
84 25
21 19
7 115
4 158
78 9
20 47
23 77
60 29
16 48
31 26
48 65
42 15
37 142
91 7
7 137
18 90
3 150
40 77
32 105
88 1
15 122
2 105
78 75
2 30
9 155
61 55
8 130
21 166
66 89
7 165
45 30
31 173
54 35
67 37
40 28
61 93
96 16
21 183
38 59
64 8
57 92
12 5
38 9
45 87
