25 86
21 39
54 59
51 11
28 82
27 160
76 59
32 75
7 118
20 50
62 77
2 182
79 26
63 24
21 67
12 9
14 183
58 18
100 33
54 54
3 184
25 131
15 166
53 6
33 25
8 180
62 42
78 42
17 81
12 107
46 68
17 47
49 32
14 170
9 156
84 32
23 87
4 84
74 52
50 115
59 33
62 11
29 122
91 48
48 53
4 177
38 3
26 188
54 27
77 21
7 85
5 145
23 2
18 133
5 118
89 1
20 74
25 34
15 196
31 34
10 37
37 1
87 14
9 153
9 119
1 123
1 72
25 24
68 27
58 10
6 18
17 149
85 16
59 91
82 48
3 46
6 121
35 56
31 24
7 14
13 64
79 53
49 58
55 54
28 110
27 35
26 63
6 133
33 139
15 71
9 49
47 17
69 13
49 70
76 20
18 165
91 41
99 7
79 72
48 59
