25 10
45 64
41 52
11 14
17 9
30 58
79 27
7 140
10 162
19 171
47 83
28 90
34 111
81 12
42 11
18 120
9 170
52 39
51 37
6 39
1 73
29 27
1 121
27 115
35 43
24 177
87 36
32 116
32 126
9 104
6 70
2 140
4 60
64 43
16 101
38 41
66 9
33 87
72 31
13 29
49 106
9 105
44 52
18 150
95 3
5 151
22 61
50 24
30 97
43 29
72 35
6 3
8 27
83 31
30 19
76 42
57 100
69 3
21 147
75 73
12 84
38 26
25 38
22 148
78 27
43 105
94 8
18 68
1 102
16 105
22 101
6 175
8 46
23 189
71 17
3 74
60 54
52 15
1 153
37 95
61 84
10 152
7 92
36 157
33 144
10 185
4 187
65 11
83 15
9 154
64 30
10 185
39 39
29 23
37 31
54 56
44 86
14 106
43 54
11 105
