12 129
16 142
84 71
86 33
67 36
3 129
51 2
27 140
34 108
22 142
100 12
13 139
26 143
43 39
82 43
64 10
16 82
5 136
40 80
6 121
27 122
20 178
1 4
50 46
3 115
24 56
29 70
77 4
34 127
5 10
12 45
66 41
86 14
32 100
32 93
52 6
18 117
6 13
95 53
44 53
5 100
74 22
26 36
35 56
27 65
22 190
13 9
50 44
10 146
76 65
49 25
35 51
12 9
40 105
54 42
50 60
2 1
22 57
7 139
47 18
31 23
39 83
94 41
46 69
42 109
14 59
6 159
12 147
50 37
1 182
43 96
82 18
37 120
15 81
21 45
23 101
20 64
33 45
33 71
40 1
7 16
13 38
7 160
14 67
27 1
96 3
2 160
53 10
3 97
42 97
24 119
70 27
4 175
99 31
51 12
30 19
50 43
3 113
46 55
52 13
