16 115
73 17
34 100
67 64
60 89
16 80
72 37
1 33
87 30
89 65
22 148
22 121
34 56
91 37
29 169
59 94
24 59
29 8
53 70
34 29
31 64
25 67
17 56
41 21
76 19
72 18
20 77
75 9
29 16
78 47
10 25
48 14
20 39
4 29
82 34
31 63
14 62
57 55
23 20
52 50
33 122
25 125
56 42
16 16
80 8
29 89
62 23
32 153
55 15
90 20
10 85
81 12
53 61
21 89
60 30
15 87
38 4
36 81
31 33
74 51
36 117
99 30
19 96
22 14
70 20
97 27
26 144
26 40
27 140
11 122
14 196
6 150
54 1
50 80
27 25
52 23
32 42
17 92
16 36
21 38
46 99
84 29
38 16
9 155
12 5
36 44
75 43
54 74
10 7
36 12
78 44
25 90
74 17
3 177
10 23
24 194
12 189
33 42
57 47
41 29
