89 56
88 25
4 51
5 183
2 68
16 160
3 105
13 87
28 167
49 53
2 65
61 29
15 40
17 102
82 40
93 2
19 59
31 1
53 27
28 129
95 9
98 26
11 159
84 26
67 29
33 68
23 75
47 33
36 151
5 63
21 4
31 74
95 39
17 49
12 115
2 102
90 40
24 180
16 116
28 165
36 153
3 166
26 124
46 47
18 194
23 14
13 141
7 41
56 20
56 46
62 1
24 21
22 172
33 94
41 19
8 47
1 138
15 78
2 102
23 161
36 92
18 128
82 48
26 125
4 37
88 32
56 58
25 27
28 171
22 157
10 4
57 103
68 45
89 45
1 31
34 72
79 1
16 50
37 21
75 23
6 179
34 1
15 57
83 48
60 79
85 8
37 20
19 21
6 9
35 35
11 53
10 18
36 13
86 42
25 59
12 60
92 14
1 200
36 40
100 38
