65 56
92 14
95 4
92 51
95 22
31 110
52 101
36 106
15 96
23 138
11 119
91 19
7 99
17 114
16 62
9 140
40 37
33 153
25 110
71 27
25 162
6 156
11 169
75 53
16 183
4 79
18 160
18 30
32 148
23 120
27 9
42 21
99 38
19 79
20 11
43 63
82 44
66 10
36 97
18 12
2 173
79 17
25 19
20 82
32 109
57 30
82 20
6 165
48 75
35 31
20 9
20 23
70 24
15 103
48 60
22 171
15 10
27 78
15 145
53 16
80 12
61 57
41 127
25 106
45 24
41 105
35 108
17 111
95 5
13 58
45 19
6 72
24 196
48 50
1 26
22 50
40 12
7 152
38 27
17 21
15 165
69 16
28 120
28 20
31 43
34 106
29 10
47 78
65 78
28 137
26 47
3 99
13 54
20 136
6 165
56 3
10 95
53 29
34 129
4 105
