62 45
60 16
72 70
72 1
98 38
73 53
23 199
12 193
26 120
87 45
17 94
26 44
86 22
35 27
5 144
55 15
25 15
19 144
10 37
19 69
4 146
1 81
2 144
77 27
20 162
56 12
41 22
56 27
82 8
71 65
2 90
30 60
8 200
26 47
21 172
15 19
18 126
86 36
7 69
8 179
33 155
39 9
45 44
21 124
14 84
47 78
17 102
12 33
27 85
58 78
42 90
7 60
21 160
64 75
23 172
22 164
10 33
11 92
52 31
53 86
5 107
73 27
1 90
30 76
3 123
3 176
40 38
5 131
18 7
55 72
65 20
16 199
59 31
56 16
31 151
88 61
5 34
22 128
66 78
46 25
15 172
9 198
11 157
65 20
29 127
21 116
65 54
25 24
22 16
26 55
20 93
22 66
42 85
29 36
68 2
37 45
13 189
15 164
10 96
55 26
