13 14
23 21
78 67
15 98
73 71
57 47
2 161
47 27
23 17
80 40
63 10
70 56
11 57
35 85
21 126
40 91
64 51
41 89
30 40
15 131
13 89
39 102
1 1
84 39
7 172
30 38
51 10
4 59
8 140
96 36
2 89
48 26
15 181
9 49
54 13
40 98
4 170
33 24
47 33
96 24
13 53
3 117
93 11
1 153
10 96
34 23
3 56
72 35
66 90
47 11
97 29
9 104
45 45
22 189
22 37
24 114
8 33
6 184
47 108
37 7
13 3
36 65
20 56
32 17
72 51
24 113
23 2
16 113
28 196
17 183
11 26
80 7
4 24
12 104
51 69
6 26
33 59
63 35
16 104
63 39
51 71
66 5
22 133
10 58
13 44
98 23
22 15
46 105
70 12
7 49
50 100
97 58
51 12
89 59
99 18
18 101
6 173
51 18
13 184
90 24
