4 116
28 164
56 105
61 17
15 107
27 142
21 65
10 45
12 198
10 200
9 8
21 144
22 194
22 16
12 42
81 38
84 14
22 46
16 50
95 26
27 22
50 80
57 14
46 38
24 90
78 14
48 23
39 54
22 181
51 108
73 32
92 27
71 60
28 140
23 92
77 48
2 83
72 62
30 39
17 132
40 13
12 50
62 2
13 32
1 187
9 90
7 77
43 79
71 56
57 40
2 67
46 87
19 80
2 15
9 84
15 188
50 50
37 49
21 68
20 120
84 59
37 15
71 19
14 83
24 155
26 48
90 20
14 50
60 31
30 19
43 23
14 115
33 48
6 183
39 78
67 27
22 78
25 92
7 1
12 18
81 11
29 22
7 101
66 67
29 132
44 86
32 64
44 7
33 67
1 135
81 2
15 65
13 155
35 7
97 1
61 15
69 28
83 40
54 2
9 154
