16 140
20 103
36 46
58 71
11 92
87 16
35 56
1 146
47 49
2 131
54 33
7 97
40 104
1 62
11 131
34 104
11 193
8 79
23 12
57 1
35 109
5 165
43 17
82 42
95 26
41 118
43 73
11 196
56 12
16 49
46 4
5 109
77 10
53 48
13 33
77 5
44 132
18 114
5 65
25 3
12 138
38 17
45 8
50 13
87 54
24 8
24 159
26 124
80 22
31 7
55 103
34 45
5 68
34 74
15 78
1 140
27 93
75 2
16 148
10 53
6 11
1 152
28 57
6 57
28 67
62 2
9 89
11 13
6 158
31 4
81 33
17 19
16 84
46 23
84 47
50 76
96 46
47 108
59 97
37 55
52 42
5 23
60 31
68 44
23 101
12 145
30 67
35 104
82 69
14 138
56 27
66 44
29 58
81 2
86 5
2 134
14 182
34 109
52 53
13 44
