28 174
56 52
28 20
7 100
7 15
29 92
24 148
12 63
18 79
11 197
31 14
23 143
66 64
17 61
21 132
19 185
18 99
41 35
14 54
14 37
66 70
22 75
59 64
93 20
53 107
43 61
6 101
91 13
42 17
54 33
25 35
94 61
21 158
40 60
9 14
67 40
66 15
61 90
17 8
3 131
48 44
48 11
76 13
2 57
36 106
29 103
19 64
13 134
15 67
34 115
18 197
5 94
4 87
14 21
98 12
34 38
95 9
83 15
10 96
66 17
10 171
15 7
33 70
23 160
55 15
63 16
36 133
68 43
93 11
57 26
81 61
25 84
39 41
9 171
72 37
83 44
15 47
99 25
29 16
31 49
48 43
61 83
11 98
26 121
87 17
67 28
38 81
7 144
78 7
3 7
94 28
50 58
23 18
75 42
26 166
46 1
17 9
9 39
10 95
23 58
