72 31
38 8
43 86
29 60
1 32
94 23
74 8
2 27
58 48
95 4
13 109
38 92
35 107
37 89
19 85
24 30
13 167
27 137
38 18
64 33
6 164
61 85
33 108
18 61
46 18
23 67
56 49
8 55
23 200
53 69
56 76
30 78
94 35
7 1
73 17
37 33
57 15
21 88
29 132
62 62
39 84
34 174
4 149
24 81
15 21
11 103
60 17
34 133
22 156
34 102
9 118
31 58
5 49
25 18
74 2
94 13
70 6
35 67
79 32
43 2
28 104
60 16
71 20
42 18
38 78
77 9
75 48
9 135
57 33
57 16
5 112
48 118
92 3
27 142
5 35
74 42
1 166
62 14
72 75
51 25
78 16
27 33
19 121
38 32
1 196
75 15
64 19
20 24
17 29
35 116
40 66
97 41
19 95
13 71
87 17
33 126
27 181
3 174
6 73
26 36
