29 23
40 74
24 54
6 112
19 107
69 49
8 162
14 62
43 83
52 46
46 72
25 145
47 28
50 40
18 22
37 26
1 71
1 29
86 2
30 66
30 16
13 81
5 135
16 189
11 51
29 9
61 17
2 102
3 114
2 145
8 8
44 51
51 21
31 185
32 31
53 32
29 45
20 2
9 42
83 47
22 196
48 120
39 93
77 71
33 65
71 81
13 67
10 13
17 161
21 42
15 31
40 91
30 2
15 198
95 21
4 44
29 83
17 25
15 3
4 51
4 27
75 72
57 41
76 20
51 10
36 47
73 43
15 84
12 186
7 51
24 23
40 20
87 11
21 80
8 104
3 17
21 144
18 165
34 141
19 5
1 61
37 153
27 123
3 26
17 199
21 99
48 54
49 21
60 54
87 50
19 35
81 42
27 40
58 6
73 49
33 2
11 57
87 58
78 26
6 25
