36 1
12 147
16 138
57 57
54 71
8 181
69 70
90 21
45 31
15 85
12 173
22 34
15 162
17 120
20 8
75 1
23 74
6 73
43 20
84 5
34 72
39 70
29 77
24 55
6 177
26 141
47 53
16 179
27 116
11 88
34 152
73 44
70 16
98 24
68 11
88 7
27 16
22 115
36 33
95 10
29 1
32 124
5 121
83 46
17 194
28 138
5 200
15 74
4 72
8 33
64 22
36 31
44 126
43 21
10 19
18 72
70 33
12 58
4 60
60 17
20 28
11 75
51 104
26 155
88 65
15 105
4 130
34 20
15 107
68 27
62 22
74 1
7 82
39 55
42 27
7 149
27 7
58 44
39 75
54 52
14 154
34 169
34 59
28 59
18 198
89 26
30 15
1 54
12 151
5 17
25 19
50 93
6 53
54 76
58 79
46 1
51 8
8 119
28 16
16 167
