8 59
10 107
15 47
65 43
34 113
84 6
24 55
1 57
75 22
13 75
25 105
19 106
42 93
99 24
13 80
17 57
46 125
54 75
20 98
5 196
1 182
20 78
19 177
10 154
90 28
20 95
47 62
10 120
47 89
35 55
63 1
2 131
17 32
1 59
66 2
71 79
46 19
24 114
42 43
11 200
21 175
35 88
48 53
27 192
38 20
79 7
45 10
48 55
39 29
31 122
69 5
14 181
19 164
17 114
20 85
21 12
23 41
25 103
21 194
5 117
67 46
31 118
46 92
57 6
31 45
40 1
92 25
20 171
25 193
56 13
74 54
48 11
7 5
57 6
29 67
33 32
86 23
33 164
32 117
80 13
19 21
11 160
8 144
78 41
38 17
91 33
15 70
16 95
4 149
32 51
23 159
28 133
23 28
1 102
59 46
78 52
82 20
14 38
60 5
4 160
