3 174
80 2
5 178
57 68
70 39
42 62
2 61
12 113
75 16
54 19
97 50
18 41
36 100
33 162
70 35
5 82
24 168
3 132
39 11
4 96
5 175
36 39
39 87
98 3
18 96
31 136
19 88
27 139
37 30
29 14
51 35
50 26
16 86
10 160
62 2
17 35
38 52
100 30
8 30
29 6
72 19
38 5
6 43
22 164
39 44
97 54
1 121
17 48
71 9
14 2
69 16
5 189
30 76
36 74
19 63
69 1
12 16
49 61
12 50
29 48
16 21
44 64
9 23
21 21
96 12
37 84
23 39
12 197
28 30
19 177
20 68
69 13
11 141
14 161
78 31
33 136
17 197
12 124
39 48
49 72
84 57
57 100
46 40
73 53
28 136
5 139
69 49
50 40
57 74
12 177
52 59
61 30
13 67
32 99
38 149
60 47
75 41
24 66
71 39
2 73
