56 50
20 75
73 5
10 2
11 136
53 14
60 8
38 150
20 66
46 117
9 113
21 138
27 59
39 53
50 71
5 8
29 59
2 199
37 5
44 61
41 43
15 175
22 188
14 94
81 27
72 12
95 43
13 162
50 17
3 181
96 28
60 24
47 73
72 52
95 7
38 24
27 5
15 191
54 75
40 129
56 13
45 68
35 7
4 101
11 63
17 56
19 50
19 167
80 29
83 20
11 3
46 41
77 68
27 83
31 42
57 58
15 129
55 57
27 131
96 40
42 25
5 123
65 17
16 69
27 13
23 14
33 113
37 1
32 100
14 133
50 7
22 152
3 92
2 179
33 9
80 10
7 194
21 10
43 133
78 3
60 40
1 53
51 56
89 52
37 4
88 42
15 27
16 72
10 107
34 99
12 60
18 134
25 34
18 143
40 32
31 176
12 48
28 11
8 133
16 193
