85 40
23 142
79 44
31 163
64 70
71 2
1 78
31 137
59 28
79 24
56 11
36 116
77 10
24 150
15 116
63 5
55 66
86 9
81 50
1 109
27 55
56 51
25 59
70 24
32 26
94 28
88 41
1 85
46 22
14 60
71 30
4 157
3 163
12 64
23 74
86 1
12 17
9 180
46 42
4 94
27 2
11 112
29 96
46 61
36 96
52 3
92 52
44 77
41 29
57 60
19 138
36 38
20 97
50 8
35 80
38 49
15 169
55 65
93 10
31 40
73 14
10 181
1 109
27 195
12 64
11 90
23 87
76 31
8 66
16 62
64 7
25 147
58 22
42 95
29 136
64 25
100 25
25 79
19 175
20 198
87 20
47 68
54 51
81 20
33 50
55 80
1 155
29 193
20 72
1 83
4 79
65 26
38 69
1 155
26 117
76 16
7 48
52 77
10 142
10 117
