62 21
9 145
17 170
17 47
17 17
59 30
14 163
9 128
12 199
8 15
97 18
34 51
41 47
92 20
17 156
11 71
88 52
3 189
42 87
28 55
17 155
35 30
82 63
39 36
19 139
33 36
8 179
8 81
43 17
29 13
82 67
16 80
38 7
13 154
20 182
13 113
80 22
51 85
5 115
95 2
47 3
81 2
36 98
73 45
45 124
11 66
55 69
20 178
79 40
9 62
93 13
73 2
71 48
51 20
4 36
59 44
56 34
60 73
9 51
2 79
20 98
5 25
35 108
100 27
7 3
6 55
23 147
35 93
19 104
5 87
14 167
31 43
45 67
4 57
75 80
76 8
75 21
80 27
68 23
1 156
67 47
6 146
19 168
2 99
11 90
25 21
79 17
7 182
98 54
1 30
4 193
26 130
89 4
24 101
100 35
16 53
71 74
59 88
24 100
24 129
