4 35
13 134
23 109
93 42
61 38
49 119
63 74
9 98
23 57
23 144
62 38
39 101
99 37
3 107
29 136
69 70
16 54
26 20
62 46
45 54
46 3
22 29
40 90
30 118
78 43
65 59
5 3
68 13
4 77
45 28
29 9
60 40
2 6
51 51
38 108
3 134
3 85
79 2
38 47
12 7
27 77
44 130
11 104
86 39
28 58
7 139
63 34
21 166
6 156
49 28
25 14
52 37
9 159
20 112
24 72
31 5
48 17
32 187
63 25
29 71
18 75
60 61
9 149
2 149
53 94
29 30
22 74
69 50
6 170
34 55
24 77
23 81
9 4
41 26
8 168
14 86
29 138
91 3
12 32
83 27
19 8
20 4
54 83
50 50
52 2
18 21
49 81
19 102
19 189
15 31
76 15
34 96
2 4
7 186
18 45
10 192
53 102
55 32
24 95
29 46
