61 45
8 150
68 57
36 41
10 21
20 138
25 25
20 61
12 143
69 26
25 72
38 4
14 58
12 36
70 47
62 55
3 18
9 130
12 76
14 90
7 176
100 47
19 172
45 21
64 91
52 8
21 145
7 98
95 32
97 44
65 28
40 143
31 113
39 49
43 14
12 175
46 54
29 48
32 79
31 132
49 81
90 53
10 106
1 65
11 128
15 48
19 79
91 6
58 8
59 55
48 11
22 156
95 49
28 105
35 30
17 56
60 35
36 25
62 86
59 56
48 14
24 131
19 200
32 53
52 37
53 56
49 19
41 23
60 28
15 25
15 169
53 107
12 77
17 139
23 97
69 50
24 52
28 4
42 73
46 30
20 60
75 44
1 98
8 52
13 161
11 45
4 188
52 17
2 147
1 82
3 165
7 196
46 52
56 31
7 173
16 195
29 37
33 48
45 107
34 26
