4 74
46 24
13 110
39 89
1 51
53 46
23 123
67 38
12 29
38 89
91 33
10 132
13 87
2 84
19 34
97 56
38 5
9 176
15 21
9 53
59 17
6 183
11 71
35 104
27 37
7 163
80 14
18 198
29 118
11 27
21 56
28 78
71 36
34 18
11 70
51 112
82 6
82 30
72 32
6 38
34 35
20 191
18 30
38 103
9 90
10 20
59 65
69 72
27 70
22 95
29 2
34 28
24 176
33 102
8 80
36 63
11 10
15 150
5 149
31 9
70 44
35 169
32 23
44 68
5 147
80 33
47 89
80 15
42 133
64 23
76 37
10 104
19 74
67 67
16 38
63 17
18 79
54 71
1 159
63 46
18 66
14 30
5 38
49 113
46 71
16 153
68 58
32 44
42 28
3 20
18 77
4 121
59 95
72 17
1 124
27 64
13 165
6 11
65 17
12 67
