33 167
66 33
67 11
64 26
6 188
54 18
19 146
20 45
15 154
52 45
92 50
12 150
17 92
13 46
23 65
57 11
10 158
12 30
42 104
94 32
60 52
18 99
2 60
5 30
4 119
20 107
88 24
45 16
59 55
41 84
14 120
16 150
37 149
26 66
10 87
54 57
16 177
10 30
68 34
6 80
83 17
36 17
39 67
6 10
59 64
26 177
11 90
28 63
37 30
1 96
67 3
94 7
41 120
16 185
4 161
10 124
73 60
9 125
50 27
26 91
61 74
4 143
64 17
8 120
7 74
14 68
51 65
1 150
56 98
72 21
14 20
5 9
42 63
23 120
4 104
21 115
8 9
98 61
48 62
4 55
33 14
1 168
6 1
77 16
80 24
94 41
33 80
14 109
44 14
27 54
62 51
33 66
17 39
58 38
48 24
22 164
8 20
67 14
70 36
22 79
