22 165
49 86
32 81
2 138
8 118
4 190
44 67
7 190
38 5
3 197
55 52
96 46
21 200
23 142
31 51
61 50
7 41
7 187
13 124
86 21
31 68
83 57
17 187
8 80
26 120
68 24
30 67
42 38
36 71
15 184
24 42
12 10
1 54
93 15
96 54
3 89
22 122
16 80
18 2
50 29
25 69
56 3
15 80
66 59
3 136
2 157
24 115
34 65
4 181
22 32
30 135
75 26
37 50
46 127
3 6
40 6
17 142
43 108
46 2
29 86
37 58
39 5
27 62
9 132
13 162
12 63
73 32
15 66
1 176
35 16
48 60
83 14
98 9
47 54
7 98
30 82
16 25
39 25
7 11
79 1
6 186
51 11
57 74
15 84
34 124
45 30
17 133
66 32
48 82
40 28
58 30
45 7
11 197
72 48
23 85
21 86
52 54
35 28
6 120
34 23
