54 77
84 5
14 89
22 168
33 61
4 27
38 79
70 38
16 89
2 114
73 49
22 156
12 178
8 191
21 92
14 120
58 18
64 17
61 40
35 45
6 62
15 184
59 86
39 5
39 89
20 146
61 70
12 138
95 52
64 48
32 45
21 5
56 3
33 30
6 146
43 93
18 150
34 38
8 21
46 7
32 145
28 160
11 113
5 131
34 66
8 60
9 86
14 19
53 15
47 13
15 69
12 90
9 73
2 8
14 2
6 153
73 18
25 110
10 66
38 30
29 117
25 122
31 70
39 90
9 144
75 46
79 43
13 200
75 21
20 78
9 98
56 78
86 39
25 2
34 52
26 166
44 71
71 37
36 30
8 107
48 88
65 10
30 135
5 160
2 102
33 114
29 38
8 126
67 7
23 32
60 53
31 117
64 8
39 102
70 2
9 69
54 7
64 27
2 1
7 88
