91 6
76 78
26 52
7 32
74 20
21 143
3 166
5 177
27 24
79 38
46 45
4 69
17 196
56 16
35 74
76 3
68 25
78 4
12 12
11 93
12 82
26 93
33 128
9 93
65 2
73 30
75 12
12 141
4 147
24 182
5 18
37 25
63 82
40 5
9 77
11 11
9 161
73 33
37 85
10 171
53 113
13 15
96 62
42 35
28 38
22 154
63 77
20 200
16 16
47 30
12 150
90 39
26 173
5 86
59 42
14 51
18 87
10 184
18 130
25 72
58 24
51 60
9 175
11 184
33 44
43 61
95 25
17 97
24 6
16 16
86 60
11 14
25 160
26 147
14 40
10 13
45 2
35 14
7 12
36 73
27 98
10 157
1 128
12 89
28 68
31 41
24 191
32 119
48 72
24 50
15 24
15 134
75 45
77 32
11 193
25 142
12 87
71 44
19 78
9 196
