33 1
2 195
1 182
30 132
4 87
43 95
33 71
47 46
50 40
5 149
13 197
4 23
42 6
73 12
40 76
12 190
2 15
52 91
1 14
82 38
8 154
38 60
15 161
31 104
92 9
9 67
61 40
3 200
4 70
27 145
8 111
86 29
10 96
41 85
16 102
15 8
72 14
100 14
74 32
6 65
78 50
46 58
5 15
34 12
49 10
32 11
68 23
25 59
52 15
60 24
18 131
54 23
81 44
9 37
4 61
97 39
46 17
60 93
36 164
67 19
24 113
69 20
18 111
35 62
1 167
47 110
22 181
5 125
27 151
65 53
36 80
32 54
71 24
7 199
25 65
20 142
36 78
51 36
41 98
18 191
56 9
56 73
57 70
9 110
96 54
4 43
16 88
64 55
18 197
15 87
88 18
88 6
4 96
35 75
1 193
7 75
32 125
39 99
68 39
93 49
82 13
35 98
50 60
97 6
3 53
58 75
6 83
46 19
78 21
6 107
11 142
44 52
64 58
27 81
27 35
6 54
83 3
57 6
21 43
36 2
27 2
10 129
10 61
51 76
18 84
56 92
69 11
84 11
29 41
83 41
78 20
27 38
22 185
24 88
41 74
27 134
27 133
11 96
18 30
18 89
6 82
2 10
13 89
60 20
19 153
29 37
80 8
24 36
28 145
17 55
22 50
17 117
59 19
99 18
46 118
2 52
45 22
27 114
35 154
67 6
28 47
54 3
67 29
45 49
18 77
65 72
7 139
6 157
23 98
32 26
15 21
36 48
90 31
43 11
2 136
85 65
39 74
32 124
56 38
20 153
67 1
61 85
58 49
63 17
96 21
56 52
18 85
40 99
6 2
5 76
14 194
37 25
32 39
9 116
81 3
7 144
83 67
99 9
18 28
3 125
