23 172
24 120
61 49
33 88
69 32
82 59
14 48
12 25
85 1
3 61
4 177
44 114
63 7
2 174
29 74
6 192
12 2
40 17
83 60
79 5
12 102
11 51
5 200
41 94
19 133
68 60
72 47
24 121
19 180
20 30
7 174
79 67
47 5
60 50
57 65
12 139
18 91
40 23
38 25
39 128
45 22
51 68
64 23
71 28
6 18
14 89
3 74
83 24
71 79
63 30
24 117
31 11
53 32
59 65
37 50
27 128
99 37
5 31
87 3
12 3
1 82
12 149
85 28
52 115
24 98
54 21
57 34
85 18
41 128
27 66
35 51
11 145
14 81
25 40
28 17
3 188
14 40
50 23
38 31
20 144
11 107
34 114
20 97
35 29
21 75
89 3
43 57
53 19
92 59
3 127
91 40
74 22
65 52
9 123
24 4
15 21
17 100
40 78
42 94
26 174
31 39
71 51
8 34
29 23
54 1
19 122
32 27
12 17
53 100
42 104
31 67
15 19
68 47
86 44
9 146
3 126
62 41
26 38
20 135
30 99
14 33
70 19
12 41
42 39
11 24
3 136
24 7
5 69
71 39
13 67
60 61
20 149
88 4
43 34
67 18
9 53
28 116
29 53
4 155
50 29
4 57
23 85
47 45
67 33
8 166
33 33
68 65
79 14
3 197
2 192
29 61
26 153
51 27
37 135
15 159
28 6
5 58
39 58
33 139
49 39
6 3
21 40
33 78
17 179
63 50
1 43
33 67
33 55
93 10
36 11
5 160
82 32
20 176
19 67
86 37
4 189
45 49
97 55
25 176
52 114
79 12
5 123
21 98
50 61
18 89
90 36
86 20
38 34
12 164
19 37
14 148
41 97
73 12
4 177
18 144
35 161
85 12
40 57
90 32
3 165
