28 59
14 186
38 86
26 59
99 36
32 90
28 37
9 147
11 95
9 69
58 50
35 52
89 41
40 139
98 37
43 66
16 118
11 159
33 81
13 60
47 106
17 103
2 114
24 109
66 48
33 67
1 43
45 111
83 36
22 80
18 150
1 26
48 49
11 89
22 54
30 112
21 147
14 15
29 45
29 64
1 130
38 90
33 180
24 120
23 77
53 73
62 22
97 41
9 37
32 125
25 145
54 9
35 102
10 5
70 21
73 69
78 14
51 106
43 72
1 11
9 57
55 65
8 22
89 21
15 192
47 48
3 15
7 17
15 184
90 20
85 35
3 104
32 19
54 4
5 65
19 134
42 99
14 48
7 21
28 35
19 56
91 41
67 35
28 36
73 42
99 45
25 167
43 71
30 90
2 111
39 7
10 182
19 30
1 86
39 3
7 45
81 48
43 81
79 16
46 31
28 79
6 137
55 25
17 176
27 146
78 27
28 177
34 157
21 76
57 21
30 14
22 46
1 19
73 35
61 23
8 5
49 8
6 87
63 59
75 74
12 195
19 144
79 7
16 87
2 80
8 103
75 18
2 93
13 129
32 31
99 5
21 85
26 59
41 19
22 59
22 11
30 158
19 138
13 45
69 4
63 88
37 8
93 21
67 57
40 26
97 27
7 18
95 14
7 15
37 151
19 75
8 192
9 109
74 72
35 12
18 154
52 4
16 90
36 38
71 70
40 82
21 125
35 154
24 55
2 33
39 61
50 10
27 4
2 49
46 128
37 21
26 117
4 189
32 27
3 163
6 179
65 53
26 34
6 127
66 2
28 58
17 97
70 15
9 8
2 57
16 154
1 58
74 1
13 48
35 145
41 89
2 93
6 163
54 2
18 191
24 107
32 107
32 34
8 3
54 5
