31 14
46 22
32 103
31 1
14 32
3 3
44 98
53 59
87 14
62 25
53 59
15 2
38 117
30 71
1 126
98 19
33 175
6 122
36 60
57 14
38 72
4 109
23 86
32 117
70 2
29 106
39 39
22 149
32 178
94 2
53 26
6 10
11 165
23 107
34 146
20 12
67 21
48 82
89 17
19 50
76 6
23 54
32 77
6 186
34 66
37 76
48 35
47 75
82 7
23 189
4 51
70 30
2 61
90 21
94 39
8 44
8 196
60 91
2 93
8 83
21 85
8 10
11 125
7 137
76 73
36 29
11 61
33 5
4 149
23 47
29 116
1 29
27 72
3 166
43 29
18 117
10 98
28 26
82 39
35 105
31 81
2 175
8 72
27 54
49 47
74 75
24 93
12 20
40 57
91 11
72 21
54 13
47 62
77 53
32 89
36 108
1 128
21 168
27 100
21 18
69 51
67 39
35 145
45 17
34 136
22 33
66 17
31 139
6 188
24 55
2 175
5 170
5 18
83 17
90 7
76 15
97 5
81 16
62 64
71 26
27 93
20 82
67 87
14 185
66 40
7 19
8 138
33 73
24 141
84 47
14 77
49 54
55 34
29 30
75 43
26 65
13 84
7 85
68 33
8 14
92 46
3 101
59 26
25 11
28 80
6 31
44 88
88 20
78 51
11 178
32 187
48 19
94 27
4 193
54 89
30 121
65 6
24 126
10 15
30 23
33 44
3 89
2 166
6 169
40 44
27 18
41 59
19 3
63 2
2 164
11 148
39 54
16 16
17 18
31 31
7 172
63 15
47 54
19 129
61 17
47 64
32 3
49 26
58 52
17 186
30 70
42 106
25 175
39 48
50 3
100 30
34 113
69 12
36 164
8 95
91 37
24 82
20 30
18 168
87 14
