1 150
47 11
1 125
3 107
44 51
1 127
63 81
80 21
16 113
31 104
21 13
1 120
19 47
39 19
43 71
7 135
6 193
4 127
55 106
75 50
18 35
17 164
5 28
23 95
92 34
5 61
56 66
87 68
13 42
1 5
13 54
13 144
10 23
25 142
15 15
54 55
24 150
59 13
64 88
25 15
21 71
60 51
26 162
59 67
43 136
61 67
1 91
69 54
23 72
13 144
2 88
18 186
68 14
48 24
28 67
39 43
47 27
66 69
39 20
42 1
52 27
32 69
61 35
34 154
35 25
28 94
14 9
72 6
78 30
41 34
31 81
40 49
36 47
1 51
71 6
10 113
47 36
28 21
5 30
35 36
35 98
17 97
38 95
5 75
41 11
21 157
39 153
50 47
14 167
66 20
2 179
25 141
100 17
49 52
5 78
21 51
47 76
25 181
40 130
31 124
34 19
43 85
16 50
26 183
17 103
32 117
55 104
46 52
6 183
98 21
13 35
8 45
29 143
20 139
33 32
15 174
23 122
34 67
77 9
86 42
71 59
5 140
66 1
44 31
97 19
28 97
39 81
12 84
44 14
29 43
14 96
28 33
13 196
29 52
11 14
63 28
71 38
12 70
29 132
27 76
17 195
16 13
48 11
67 4
37 7
39 97
79 29
15 77
7 134
17 117
61 41
56 40
77 44
15 96
3 13
25 80
56 97
22 55
22 131
8 153
25 139
17 68
73 24
61 95
54 50
56 13
44 19
52 23
37 80
17 17
25 2
96 10
12 153
54 14
42 72
2 113
6 130
64 75
3 143
95 12
50 42
74 12
14 90
27 7
14 55
91 31
8 188
29 4
58 33
11 45
58 55
87 9
37 17
61 14
36 91
20 127
43 4
31 158
12 82
14 94
