19 52
91 41
56 15
50 60
19 160
2 27
31 6
76 46
35 78
92 31
84 12
30 46
25 156
14 65
10 28
17 179
17 169
4 98
17 73
29 79
4 200
45 30
22 183
19 193
26 116
83 44
24 11
52 53
11 9
39 13
4 35
23 55
100 12
5 99
24 68
24 22
19 157
6 82
2 34
1 25
71 45
74 10
14 125
67 56
8 157
28 83
14 172
8 124
86 25
97 41
57 10
21 69
62 1
69 7
13 11
61 76
13 79
72 4
52 48
60 10
37 16
44 88
24 5
33 47
15 144
37 85
87 1
60 74
53 35
58 8
71 14
35 98
12 141
52 77
21 131
43 43
40 44
9 19
27 192
1 13
36 39
24 100
44 40
29 40
31 64
11 91
40 76
94 63
10 113
72 27
42 44
7 96
12 12
53 19
40 61
27 127
6 57
95 22
7 189
43 106
59 70
54 60
14 117
12 96
22 95
51 66
33 40
24 100
63 92
31 135
88 20
16 152
35 98
2 47
8 8
94 3
37 91
92 2
85 16
57 88
10 125
14 112
65 70
11 164
23 195
9 148
25 16
72 36
25 86
10 80
48 31
48 69
50 22
27 112
9 11
5 67
60 10
13 137
1 186
18 193
51 83
2 116
3 48
32 99
34 69
74 30
19 154
12 77
57 59
33 3
2 65
4 23
15 82
87 22
7 6
15 181
79 54
11 111
22 78
68 24
18 23
64 76
45 71
2 25
12 179
55 106
5 25
62 40
82 1
5 140
2 70
21 62
35 140
16 76
42 42
91 44
32 187
10 160
9 126
14 192
9 13
29 37
27 12
50 15
10 111
72 53
57 55
43 20
27 128
67 45
88 3
71 7
13 54
7 143
73 8
36 106
11 164
40 80
19 42
20 49
