100 41
53 96
3 80
98 23
7 32
13 96
58 63
22 66
30 3
10 143
11 161
56 41
66 83
19 93
60 77
7 104
51 70
36 160
18 185
20 15
34 44
19 178
14 3
3 129
36 37
45 40
31 90
4 186
41 90
43 91
75 14
15 167
7 200
37 42
58 38
72 1
61 12
15 181
19 102
20 47
15 187
56 45
39 1
22 120
7 176
9 118
35 149
65 24
31 130
44 12
5 171
38 53
4 41
46 87
40 50
7 84
12 95
1 157
54 14
29 53
48 14
69 34
65 61
56 54
3 118
4 84
26 67
84 50
8 165
1 67
5 45
71 38
69 41
6 162
80 8
72 39
7 161
74 33
69 39
9 199
25 47
40 16
66 83
2 32
38 93
69 51
26 63
60 53
45 67
6 63
29 2
2 178
29 65
11 38
18 47
65 55
1 55
46 62
43 2
95 59
5 159
89 21
70 54
99 11
11 61
4 55
99 40
44 84
17 63
25 79
17 102
26 110
47 20
17 99
18 79
57 22
16 36
26 64
16 112
59 41
14 137
93 20
16 152
30 81
34 48
25 157
42 96
45 41
28 136
6 133
45 129
2 145
3 175
53 1
85 37
54 16
4 141
48 47
51 74
57 15
78 41
51 28
21 79
49 44
36 146
84 59
80 29
30 35
40 93
30 63
56 70
38 128
23 140
89 43
42 129
25 81
57 23
1 49
9 18
14 157
49 101
15 104
88 1
99 6
46 48
27 79
92 35
20 15
14 183
31 85
18 17
52 19
21 75
81 22
10 8
21 80
62 12
26 65
39 41
75 45
5 141
85 3
37 128
36 116
79 6
38 8
23 78
11 25
18 74
52 7
84 21
5 69
49 55
75 19
7 29
16 112
97 13
22 31
52 29
77 30
