28 103
10 78
24 9
45 14
13 21
52 15
40 61
74 5
90 62
75 45
79 24
92 1
87 13
37 62
35 98
75 41
72 52
4 168
91 10
57 62
39 93
26 93
100 32
26 73
18 143
27 32
97 35
76 41
6 61
38 5
20 109
27 34
14 118
40 1
4 5
17 159
66 16
23 182
31 83
36 79
32 27
71 13
52 112
87 32
15 166
41 89
9 193
58 40
13 169
29 5
3 84
40 5
40 119
63 7
6 75
83 17
50 37
25 194
55 8
69 4
15 13
19 153
43 5
5 67
46 95
8 114
1 82
46 111
19 67
60 18
15 164
55 62
10 184
20 137
27 91
20 40
76 42
29 116
83 18
44 6
11 11
49 50
21 72
22 135
43 125
47 42
43 61
1 174
35 54
88 2
34 29
14 107
50 120
58 41
16 151
3 67
8 66
22 90
57 88
6 7
2 123
32 8
30 104
59 56
42 64
37 73
43 52
36 71
67 15
1 79
75 50
20 150
33 48
30 198
74 80
19 105
11 146
30 178
5 121
71 28
10 65
12 195
30 8
45 18
13 104
97 16
24 38
14 57
30 77
55 17
29 4
59 19
18 66
19 105
19 5
66 59
71 52
16 84
3 10
45 53
28 40
76 1
11 135
3 97
72 21
30 107
17 19
15 6
36 67
88 9
12 27
23 66
27 142
6 70
8 41
33 125
23 85
6 1
54 6
23 166
85 4
44 10
67 32
16 98
10 103
26 117
10 193
33 105
54 20
40 1
18 14
55 15
50 104
44 116
9 59
50 71
50 15
76 10
74 9
80 35
16 136
32 163
92 6
22 50
8 5
9 137
24 35
86 54
8 131
12 13
47 69
12 129
71 25
43 94
14 2
43 106
40 86
4 136
26 45
14 25
