57 75
41 86
7 174
27 11
88 8
18 93
41 14
27 22
15 132
97 25
52 108
72 29
1 97
2 22
17 71
20 35
92 18
45 66
45 84
17 200
4 96
2 102
25 156
76 70
6 6
13 156
43 12
28 88
31 79
24 59
1 183
29 43
10 17
36 11
38 81
89 18
74 23
40 53
14 154
25 188
1 155
16 87
68 19
10 77
16 111
88 23
62 30
23 30
29 25
63 75
40 45
10 137
22 110
88 36
27 144
35 65
10 36
20 47
1 104
40 110
28 54
66 7
16 49
79 29
24 4
21 160
2 187
37 94
38 79
33 3
66 19
4 166
50 99
87 25
5 123
66 22
9 21
57 58
5 132
42 32
14 163
49 28
81 39
17 8
31 53
29 2
22 71
50 118
6 192
57 56
1 130
64 68
64 14
38 23
5 129
9 6
22 162
52 10
16 84
59 48
26 145
95 3
8 52
7 97
41 101
40 70
15 126
20 103
18 171
36 58
26 30
3 85
42 126
47 4
11 52
19 193
6 119
50 70
3 187
29 118
2 4
67 84
9 121
16 55
16 26
27 39
86 29
27 199
49 22
73 17
15 81
25 150
24 86
55 93
53 22
21 189
14 78
48 22
11 19
77 21
25 172
70 51
7 26
95 21
67 68
13 136
25 20
27 105
21 93
53 55
32 98
15 200
15 94
46 47
16 180
22 144
27 155
10 132
18 113
8 192
11 55
67 66
71 32
22 46
41 112
99 31
6 69
47 12
5 195
18 100
23 65
57 55
42 11
51 61
12 167
30 42
53 30
54 29
7 133
51 29
1 45
38 38
9 59
9 53
35 162
5 6
44 51
12 63
3 44
25 64
57 9
12 133
81 37
20 174
69 32
39 90
36 40
32 40
4 74
43 20
