37 162
22 193
12 48
87 13
93 4
11 33
42 45
30 60
37 140
15 7
17 172
14 24
69 23
21 99
3 94
53 24
15 8
39 81
15 129
24 181
18 74
40 58
8 186
70 8
60 80
88 34
5 52
72 68
11 99
17 181
14 5
20 62
23 22
69 19
16 170
19 94
18 11
83 47
50 2
36 53
23 74
7 52
15 178
23 12
52 16
15 117
28 71
90 29
27 7
9 137
14 186
4 34
41 87
23 115
8 143
21 3
66 11
34 91
7 171
85 41
24 32
32 121
5 130
16 191
68 31
85 4
25 97
53 11
17 97
3 130
33 71
63 39
12 104
25 151
1 154
94 24
26 5
5 4
32 105
16 149
73 17
9 158
29 90
10 158
22 163
49 90
4 155
48 38
36 53
49 80
65 66
59 40
24 86
13 27
24 196
2 160
28 128
21 88
10 146
2 11
89 19
72 70
11 156
45 32
61 61
78 14
14 159
6 168
4 138
94 48
3 43
23 115
38 114
67 49
71 3
10 6
34 58
56 61
7 23
2 152
64 10
60 63
55 33
30 178
27 76
6 120
30 117
4 91
52 49
6 33
59 61
98 21
20 143
27 25
16 117
21 156
7 124
26 141
2 162
16 175
17 61
79 63
28 24
11 29
22 60
5 50
66 62
4 116
35 36
18 72
43 100
21 130
3 112
52 39
9 34
41 114
98 24
35 40
58 96
5 159
3 24
31 48
54 3
57 24
64 57
65 2
19 116
74 33
14 150
6 194
9 173
8 85
8 177
45 49
15 196
52 11
2 59
5 170
6 36
23 196
51 68
16 16
3 72
56 47
19 88
90 2
19 80
62 77
9 92
42 42
10 44
6 200
35 106
36 88
22 161
5 128
31 4
28 11
48 23
82 2
