1 54
11 151
10 145
83 36
34 22
24 169
47 42
21 26
28 81
6 6
15 6
61 93
16 138
8 98
76 14
58 41
38 11
56 5
66 29
93 32
28 110
12 69
75 52
21 24
3 78
63 66
71 31
53 6
55 26
93 6
23 95
14 166
16 142
98 38
34 113
63 7
28 35
57 13
11 164
12 80
18 169
16 29
18 164
93 11
2 66
44 32
17 166
3 125
26 34
10 154
21 147
26 170
39 117
97 5
13 97
34 137
1 33
54 70
36 119
7 109
98 20
50 74
34 23
20 18
15 121
52 4
15 111
46 63
12 199
17 33
42 27
26 173
17 163
3 64
45 10
21 18
18 32
66 42
7 190
7 198
39 38
28 35
35 83
26 89
25 14
2 108
94 45
27 80
46 21
3 194
25 124
12 74
71 53
60 30
83 41
27 132
32 14
63 27
14 122
78 62
10 146
39 114
68 7
76 28
99 32
5 29
68 52
58 72
34 140
28 129
39 69
22 5
18 76
5 22
3 6
23 7
4 198
28 142
68 4
98 40
2 23
18 60
39 111
62 26
38 89
54 2
28 22
52 101
74 13
7 85
2 136
39 74
15 68
3 32
36 53
56 35
2 149
14 71
69 5
6 154
2 198
69 45
41 63
52 30
5 71
45 40
73 9
14 39
13 90
11 104
81 17
18 170
34 60
63 32
50 39
60 43
80 34
50 17
24 72
5 196
77 27
4 166
51 54
9 156
49 85
6 17
17 199
29 121
16 47
41 29
26 114
78 61
44 81
5 33
67 81
11 154
38 35
9 47
33 49
35 98
20 54
32 10
11 191
42 43
84 19
47 15
20 49
36 68
18 193
54 105
38 105
8 17
56 12
17 170
72 32
3 189
26 173
17 10
44 47
22 15
