95 18
23 126
68 26
33 140
80 14
3 67
74 2
19 103
9 82
6 123
29 16
76 56
28 74
11 29
10 186
1 155
30 132
1 22
11 71
71 35
20 138
95 29
9 49
71 45
44 56
32 43
75 23
5 48
33 92
86 40
12 73
36 58
88 39
30 170
82 23
24 162
18 173
59 86
3 5
2 37
16 146
56 69
24 120
76 21
16 126
31 90
9 161
80 39
11 186
25 170
83 2
32 7
33 3
29 57
9 124
15 138
18 94
4 29
44 15
44 46
71 12
22 53
44 71
26 3
23 42
13 38
57 12
66 8
41 25
36 48
11 173
20 22
23 142
39 35
92 4
48 113
24 52
100 1
52 95
36 49
4 61
91 4
83 17
17 118
41 34
30 9
3 104
2 116
20 88
41 23
62 11
27 124
12 162
37 8
53 7
24 47
56 69
41 45
34 166
37 107
71 43
85 13
75 16
61 63
62 53
28 161
27 112
10 197
15 123
63 9
43 62
79 16
97 19
96 41
17 85
15 85
96 36
27 130
8 96
68 23
20 164
10 165
39 7
9 122
18 182
41 105
84 13
9 6
35 136
99 21
32 107
73 49
16 15
93 12
4 159
57 27
29 11
2 77
26 71
59 92
11 67
43 133
80 4
6 123
25 152
41 24
67 58
4 27
53 33
78 28
38 102
14 71
19 65
24 56
30 191
23 69
15 128
23 163
39 28
84 48
18 7
2 104
43 107
88 41
2 173
25 10
20 192
34 95
95 47
14 173
30 170
33 72
23 65
3 111
50 68
41 31
4 140
38 112
23 188
89 15
94 19
3 116
2 195
2 171
63 3
36 26
41 63
76 21
93 13
29 71
53 49
3 53
34 54
40 88
11 50
11 114
76 32
42 31
15 177
29 99
