21 76
8 71
70 83
41 66
3 137
60 16
44 57
28 77
65 61
49 92
35 54
24 47
28 138
6 120
35 117
17 176
12 197
82 27
10 195
5 134
94 21
9 171
12 141
10 90
25 8
50 28
11 118
40 36
11 121
9 11
27 132
21 183
5 139
15 104
6 14
39 4
4 83
22 65
64 40
60 5
61 20
30 59
8 41
65 8
21 102
75 80
28 11
95 2
96 41
3 87
50 67
1 174
10 143
22 168
72 36
10 181
14 148
45 45
20 57
57 53
83 55
28 138
26 41
93 2
40 16
94 38
36 25
16 53
40 98
74 15
20 28
39 70
68 13
34 97
24 25
20 106
1 36
26 9
29 98
42 29
60 14
61 94
5 178
40 25
5 96
8 118
22 176
20 165
20 198
56 44
38 23
23 66
95 39
73 75
26 26
86 66
53 43
23 162
2 17
9 40
28 7
49 122
29 68
38 49
25 140
3 199
31 160
14 104
1 165
63 32
28 39
9 67
5 123
11 47
43 6
5 91
66 72
75 26
3 61
49 5
21 90
47 105
15 55
5 118
65 57
26 81
5 60
8 112
5 117
52 63
20 30
4 200
23 66
6 63
9 91
1 67
48 22
62 24
43 84
55 21
34 61
22 154
90 26
16 107
36 70
94 40
98 11
25 33
3 179
42 65
10 88
14 127
87 27
8 80
58 17
46 12
44 99
74 80
59 34
17 75
28 180
10 66
69 38
94 43
5 60
85 24
9 31
3 47
86 10
15 50
73 10
39 71
6 113
24 94
20 152
44 11
33 170
10 17
64 62
82 52
18 107
64 70
24 92
31 114
40 77
7 11
14 141
42 52
26 116
96 20
55 67
86 57
5 36
9 54
2 103
100 11
69 48
61 16
9 171
55 10
