39 1
100 45
47 39
58 91
49 14
2 186
57 29
41 28
30 81
68 61
91 42
65 71
60 11
68 56
19 11
71 7
45 122
9 77
2 38
36 44
44 35
11 130
56 61
11 156
28 114
25 59
59 8
85 13
42 106
5 72
47 6
37 18
16 34
6 8
26 173
11 4
74 46
72 30
52 63
10 98
70 17
47 28
24 158
8 44
80 75
16 82
6 74
42 30
50 43
5 101
58 87
94 32
10 197
14 8
41 22
23 190
3 46
21 189
20 170
16 178
23 131
44 48
10 85
73 29
8 60
9 177
25 40
35 26
4 160
6 76
86 38
37 61
79 3
18 194
28 121
35 163
12 114
90 4
31 125
92 27
9 96
71 24
74 6
61 88
57 68
53 9
2 38
54 43
10 80
91 18
39 76
79 1
3 136
24 12
35 91
91 1
43 34
94 22
9 130
42 90
47 51
1 99
12 91
92 28
33 21
17 147
29 73
23 187
66 50
31 152
5 153
52 47
100 3
14 187
10 154
17 142
1 121
77 14
67 5
71 23
68 64
18 61
69 18
16 161
24 43
39 95
8 178
1 8
57 66
31 52
39 26
31 121
16 149
54 27
96 53
6 20
48 104
97 57
15 11
6 72
29 10
2 153
41 8
51 52
63 2
99 33
63 3
73 20
6 38
11 168
9 8
26 34
18 182
3 83
18 135
55 78
23 28
53 62
37 73
13 96
94 34
66 23
8 145
23 68
34 77
68 33
35 93
24 84
21 107
12 98
48 15
4 153
11 106
18 66
28 54
24 171
57 69
55 51
10 30
40 7
49 32
14 195
82 6
30 26
64 27
25 12
7 28
37 24
13 37
81 41
23 61
39 29
20 58
34 91
72 26
3 94
30 41
7 46
22 51
62 39
