48 120
42 51
34 6
20 20
61 55
24 198
6 183
14 54
14 4
50 30
33 133
57 34
14 182
27 74
91 22
6 11
13 124
26 125
34 86
51 68
1 34
49 18
39 13
93 37
3 46
35 165
79 45
3 3
81 24
4 26
16 143
19 23
17 167
80 12
44 84
13 87
100 4
70 29
23 32
40 24
34 58
9 168
9 129
30 61
34 15
74 77
48 73
14 196
16 28
6 192
12 23
51 93
21 50
62 41
1 127
73 70
43 42
72 12
5 2
5 105
100 13
58 54
56 18
4 100
32 37
22 96
97 9
99 40
71 59
49 18
58 42
19 153
9 99
14 30
49 35
2 128
38 72
20 87
85 19
33 59
27 67
43 89
40 79
15 40
47 33
5 149
39 86
37 36
50 25
73 35
41 14
73 13
82 45
17 160
25 192
36 98
50 39
86 23
33 132
44 31
50 56
3 64
3 140
9 139
20 103
53 62
78 59
14 162
29 90
81 18
61 60
47 71
39 129
20 8
26 138
48 20
3 26
51 75
4 8
19 33
54 45
17 14
89 23
13 47
57 55
11 110
1 144
9 41
48 29
2 172
5 134
81 13
83 69
41 94
67 27
34 88
63 18
19 14
16 137
22 94
16 143
35 8
69 27
11 122
47 73
1 18
5 120
39 38
94 42
21 144
57 80
34 44
28 27
28 49
76 9
43 21
15 83
21 186
27 47
6 28
93 15
8 157
54 2
23 7
51 55
11 98
6 74
48 68
24 82
87 49
35 122
83 34
100 18
36 47
32 125
32 20
6 2
37 132
16 80
19 68
46 60
39 61
59 99
17 159
30 116
26 48
62 12
28 186
84 7
16 126
13 32
37 45
1 11
63 21
6 199
65 26
27 129
24 128
11 31
92 5
