35 9
43 70
33 69
32 148
8 185
1 137
34 3
6 15
35 48
15 136
73 78
21 189
88 42
51 10
56 90
19 25
35 35
31 152
7 73
21 114
55 73
34 19
14 113
66 2
19 20
88 21
8 156
83 51
56 20
74 10
82 12
37 89
33 71
1 158
51 116
39 152
7 58
10 116
84 30
13 85
64 24
1 32
5 183
8 148
3 19
5 63
26 7
89 23
72 37
88 16
52 34
2 199
7 25
32 66
74 23
42 16
64 62
40 87
19 101
43 64
66 57
35 70
37 82
13 71
5 146
23 171
6 125
3 59
45 117
2 51
85 11
16 16
59 90
18 116
99 18
71 30
17 79
21 24
59 40
5 96
26 4
55 47
38 122
56 66
7 135
23 86
17 174
80 75
60 53
16 131
88 18
54 10
7 181
29 152
20 13
44 44
40 75
8 183
7 187
34 14
19 117
9 30
27 41
82 17
29 36
57 21
65 43
50 94
27 140
11 155
46 15
11 16
1 83
22 25
22 146
14 199
40 10
92 45
24 152
3 53
36 56
100 24
52 53
10 130
7 169
33 3
86 32
97 31
14 26
28 51
1 28
50 27
61 7
14 109
4 193
37 117
27 36
10 156
4 136
35 82
98 19
28 62
27 95
3 31
43 6
6 118
42 3
17 105
18 46
68 38
19 119
26 143
19 97
22 60
10 99
69 52
5 33
59 71
14 171
22 107
23 2
55 33
97 18
28 39
14 31
8 158
21 61
32 117
4 8
30 67
42 57
19 116
11 196
11 100
21 59
37 118
5 117
20 27
87 36
37 91
84 35
58 13
62 90
59 15
36 67
51 23
15 83
8 34
6 49
39 90
2 117
11 106
33 92
33 105
44 11
9 176
13 86
62 68
20 147
5 103
