41 20
100 25
24 157
26 194
40 89
37 110
13 162
48 38
10 113
13 163
48 42
51 20
26 149
35 112
11 105
79 19
30 114
77 13
15 4
14 152
7 144
17 28
2 128
34 105
79 62
26 55
33 38
35 25
62 38
27 10
78 30
86 15
15 74
23 140
15 54
2 99
2 52
29 125
31 65
3 72
48 102
27 13
20 5
62 27
38 148
2 146
10 157
5 153
63 46
54 37
11 24
6 100
94 63
15 65
1 44
30 90
14 30
10 62
25 115
7 133
53 23
9 162
85 19
99 18
17 71
49 74
28 31
29 29
20 63
33 55
64 40
62 12
93 13
55 26
55 22
4 152
31 56
76 1
20 113
53 10
35 48
23 20
22 199
63 1
30 56
31 129
12 68
64 7
1 18
23 188
57 46
13 65
42 23
21 53
31 19
24 139
34 33
23 103
33 111
24 109
86 36
99 46
16 73
33 86
57 52
41 45
1 122
90 51
41 82
22 157
5 25
39 53
47 17
21 74
47 49
27 116
28 29
27 183
77 58
69 7
39 81
49 54
3 197
21 60
21 39
45 42
37 65
21 130
22 3
41 70
40 78
48 34
8 30
76 18
8 58
11 198
15 21
6 24
27 99
41 34
34 164
82 71
21 56
75 1
16 79
11 15
14 139
36 4
37 38
67 39
39 96
34 162
4 75
6 100
16 54
31 25
21 62
60 7
41 104
96 38
43 31
2 104
25 136
58 57
78 34
53 69
29 116
49 69
34 10
18 184
18 187
6 187
3 20
7 92
46 7
72 72
83 62
58 76
28 42
28 8
10 154
13 74
71 20
35 23
20 64
6 31
17 100
58 93
83 35
24 166
20 24
25 157
63 53
1 176
51 35
74 39
37 54
19 30
31 55
52 19
