26 49
37 81
19 43
73 67
31 90
5 191
48 76
82 3
31 123
50 116
23 9
29 108
47 71
44 67
1 146
16 161
85 6
18 1
76 25
20 18
20 6
51 4
25 3
1 38
67 89
17 81
3 52
43 89
21 19
20 169
57 23
31 62
21 12
95 1
11 194
17 122
9 86
28 36
5 75
3 35
33 25
92 14
2 108
96 14
1 5
98 31
23 62
35 73
4 136
71 2
35 22
57 41
11 117
17 165
23 37
24 54
51 58
1 149
47 65
25 172
20 15
39 81
86 42
26 46
9 193
72 30
27 169
87 43
84 11
7 25
56 30
47 120
72 6
15 89
13 155
70 47
95 38
68 51
94 34
58 56
1 174
35 163
25 138
63 26
47 13
59 92
41 24
36 130
55 3
14 49
56 3
15 39
32 51
8 25
4 149
4 19
12 60
2 199
23 60
22 69
60 53
23 166
32 30
39 118
4 138
37 13
29 25
49 115
88 5
5 175
5 121
12 26
20 135
29 135
25 45
24 161
73 16
16 123
56 28
96 26
41 29
41 55
17 18
7 192
10 2
21 35
4 167
21 170
21 71
18 100
29 18
65 14
31 1
15 192
28 115
94 30
65 1
36 56
2 175
16 16
55 54
43 127
14 90
76 67
19 149
19 29
65 37
11 55
17 108
50 29
50 108
13 158
75 59
80 25
18 22
7 18
32 71
34 49
38 2
60 80
18 168
38 130
25 153
7 100
4 45
37 9
9 34
13 144
9 85
2 77
21 162
9 41
31 159
6 196
52 2
79 49
35 86
11 173
78 28
34 96
25 160
67 19
98 42
50 26
16 95
38 85
23 58
58 26
43 44
13 84
55 62
68 75
84 46
46 49
33 68
55 35
38 15
24 102
7 101
71 13
