83 62
8 59
20 99
61 2
19 45
20 63
13 62
11 191
60 19
59 14
27 77
6 129
39 123
31 6
14 103
1 88
26 56
90 4
13 183
16 117
30 63
37 93
44 123
23 116
92 30
10 102
28 147
29 13
1 26
11 175
24 86
4 175
7 100
51 27
19 60
50 11
23 17
4 184
21 154
90 8
46 98
30 59
3 42
27 105
7 42
28 140
41 115
34 84
40 20
77 10
26 90
5 187
11 55
40 38
45 50
11 185
17 109
41 6
38 35
52 52
44 3
20 64
3 140
2 71
40 9
20 160
37 119
87 21
87 39
20 82
30 130
42 12
74 50
96 7
2 192
46 55
37 2
21 93
1 173
49 95
10 94
69 18
15 1
50 37
52 16
32 2
7 27
13 184
55 66
36 51
31 11
13 19
20 72
89 39
79 51
10 73
46 47
58 55
39 129
62 1
26 170
46 81
25 7
16 97
37 35
17 132
17 136
16 83
6 118
15 157
83 19
30 127
1 132
34 102
14 191
81 29
12 84
92 23
43 85
27 189
19 99
14 132
22 33
43 126
35 97
1 125
33 25
19 41
6 143
9 111
69 82
32 154
48 27
31 129
97 20
13 32
84 9
4 133
26 126
10 111
22 45
6 8
42 75
81 20
20 89
13 43
84 69
79 29
76 30
53 37
14 79
35 39
28 48
71 73
55 84
27 97
15 120
37 74
79 26
33 79
7 108
46 91
2 72
65 49
20 69
45 87
21 72
25 119
66 44
2 101
8 163
44 14
84 46
17 106
15 3
3 167
53 20
41 23
33 180
19 142
44 72
26 15
45 1
64 14
2 44
38 70
21 91
32 99
54 12
23 164
23 75
51 62
90 35
83 18
4 99
47 47
34 81
78 17
50 27
43 53
