10 88
47 38
2 39
30 51
18 45
10 106
97 55
51 72
61 41
33 32
37 11
61 46
10 88
20 145
9 50
6 179
70 28
27 131
66 78
25 160
52 80
2 197
7 179
20 84
39 98
100 36
21 16
37 13
39 114
12 32
46 7
7 50
43 89
76 13
42 78
99 32
43 103
11 109
1 157
90 35
41 36
2 73
54 79
94 47
35 80
10 195
52 109
7 135
30 82
16 141
45 17
14 111
8 163
89 27
69 51
86 23
90 3
19 49
69 59
40 96
18 126
1 12
28 191
20 31
10 39
42 95
91 27
1 48
14 180
51 39
15 44
9 48
89 28
14 170
49 8
47 80
5 81
50 38
10 131
65 26
14 38
7 133
18 80
35 15
65 72
9 60
12 156
35 72
27 115
39 76
30 56
43 72
39 20
34 39
51 10
42 100
20 76
7 103
1 37
25 61
66 3
54 49
75 35
19 63
22 162
94 23
53 50
60 8
17 10
6 6
2 115
13 184
27 86
78 24
12 188
48 17
45 12
49 66
3 134
35 34
23 73
31 23
83 3
2 140
3 26
54 48
36 115
40 33
8 100
91 4
48 73
23 75
39 86
74 44
37 151
77 21
82 13
34 39
25 30
26 188
36 158
41 54
28 68
68 67
67 13
23 16
7 57
15 63
20 73
9 30
60 41
19 183
74 32
11 2
31 57
84 38
51 14
15 61
18 169
53 13
13 147
2 140
90 27
3 109
38 1
18 199
85 18
9 149
45 124
16 50
63 83
18 131
24 35
23 126
19 110
12 114
31 79
6 90
71 53
9 135
67 11
15 165
3 48
31 129
2 90
12 38
11 55
9 34
1 151
46 76
3 65
3 148
66 66
2 185
30 75
25 38
12 21
30 127
16 69
22 81
