16 15
40 89
4 180
9 39
31 150
10 16
62 42
54 15
51 40
42 128
75 18
24 199
8 14
4 179
56 73
8 116
10 172
99 23
77 21
58 61
80 34
89 20
58 37
73 10
7 76
12 181
24 54
21 51
32 88
21 189
4 71
36 85
2 183
12 117
84 62
13 23
44 52
15 5
21 19
32 34
16 99
16 47
8 68
20 84
59 13
25 176
53 57
8 83
6 150
39 112
100 6
11 104
68 14
33 102
51 77
21 79
21 14
1 90
25 66
33 89
25 11
76 28
28 51
25 144
17 58
52 43
4 17
83 46
96 23
45 126
29 8
26 101
5 28
15 81
1 196
11 96
67 66
61 19
13 98
3 47
5 135
47 36
91 23
27 6
12 185
40 102
85 30
26 109
41 86
29 163
39 44
93 36
28 25
33 95
73 18
13 95
48 40
9 130
14 125
30 82
10 155
35 24
19 102
10 113
30 125
4 77
20 115
39 2
44 58
16 95
18 95
7 172
43 36
36 141
42 31
21 122
18 165
100 5
91 8
42 4
8 32
76 20
64 11
10 18
60 12
36 92
2 198
8 132
10 19
20 186
3 135
18 127
100 29
32 110
81 23
34 100
98 25
83 29
30 80
20 176
23 2
7 169
87 66
2 100
62 66
96 31
84 4
44 79
48 40
63 48
3 149
56 11
37 40
7 30
33 38
36 41
31 118
45 21
36 88
7 117
16 17
17 112
26 134
5 51
69 38
4 149
38 57
5 96
22 10
19 65
26 110
22 89
83 14
90 1
78 50
21 56
29 46
35 55
45 40
12 151
32 161
19 136
44 64
90 60
26 48
22 37
44 111
38 66
87 13
19 20
44 104
65 29
23 109
30 192
99 41
50 13
39 30
48 37
20 166
6 126
