81 20
100 40
1 139
46 91
83 4
20 163
18 140
27 37
51 90
15 95
10 23
20 168
19 120
80 15
29 40
99 42
54 62
27 10
28 97
54 23
22 38
34 26
17 68
1 3
22 64
27 5
11 13
71 6
13 200
36 1
95 14
18 108
12 37
6 81
15 16
72 31
4 160
42 100
77 16
20 159
95 6
57 39
100 32
1 100
47 80
20 132
9 190
22 185
1 126
19 81
71 76
28 34
20 95
12 185
20 108
82 45
24 43
26 53
43 1
38 122
81 14
13 63
38 21
17 146
71 10
39 1
70 13
5 103
18 11
23 69
92 5
32 59
42 33
11 139
13 46
3 97
57 97
48 41
35 97
98 27
42 11
29 134
79 18
27 53
30 122
75 54
91 40
23 72
82 16
11 77
52 19
36 26
11 160
23 83
91 27
52 23
50 5
16 149
17 195
93 19
69 29
18 44
45 17
39 42
4 43
41 77
89 18
95 12
72 11
36 108
78 30
25 7
27 66
26 90
94 6
47 8
86 19
13 154
58 31
33 64
60 51
16 90
51 56
26 184
12 130
84 15
11 4
35 15
9 198
46 55
84 44
62 65
14 23
17 117
13 149
58 18
53 36
92 11
4 89
16 151
29 189
16 90
15 18
40 44
15 27
3 67
9 138
77 45
57 7
6 9
14 195
97 7
27 112
18 104
32 71
30 113
26 76
43 34
36 136
34 14
76 46
47 38
16 186
78 47
43 92
23 17
2 183
31 72
80 34
26 115
7 69
20 123
22 103
48 21
6 154
12 68
14 53
72 30
7 50
46 72
93 57
1 90
35 89
6 47
22 27
27 170
20 58
20 164
10 126
74 68
21 192
27 131
54 98
23 52
53 45
37 105
68 78
41 135
21 122
50 26
