19 61
24 104
30 145
5 137
41 38
38 39
39 128
54 74
33 109
27 83
33 160
44 29
44 99
22 57
14 65
15 1
33 16
23 88
1 132
70 16
68 59
82 48
1 17
30 2
25 80
13 26
64 3
25 14
28 18
53 20
69 76
39 2
48 63
80 48
62 33
16 69
15 34
1 139
12 195
60 29
22 124
56 17
34 68
44 65
10 135
10 18
7 112
4 147
12 166
21 169
20 144
16 194
56 98
45 84
3 102
8 81
89 45
20 24
36 23
54 19
84 15
59 35
74 1
51 6
7 192
1 97
24 111
52 11
14 42
36 105
48 23
66 4
13 182
43 82
47 31
25 40
37 33
23 24
5 70
21 92
24 61
100 19
6 39
24 135
35 17
36 142
69 12
54 94
3 26
37 80
85 36
22 4
79 19
31 150
2 90
9 133
98 1
15 181
27 93
16 74
37 35
36 34
81 29
66 75
46 37
54 9
33 3
13 140
70 42
65 24
1 164
40 58
89 10
26 65
5 8
18 182
64 23
3 145
14 159
13 184
43 51
96 12
45 3
72 62
7 111
9 3
30 94
26 117
13 2
55 17
65 55
1 125
9 34
46 78
51 54
9 198
15 54
4 78
8 65
13 120
45 19
5 137
25 9
9 130
32 62
92 32
22 161
52 17
7 154
16 198
52 110
84 65
2 131
28 72
5 98
58 5
9 22
34 8
11 102
32 94
19 126
30 164
14 118
44 130
24 109
44 77
9 80
7 7
42 50
40 7
18 96
19 101
18 7
19 117
19 175
12 196
26 7
91 30
44 20
9 147
17 41
19 49
18 113
64 27
42 54
41 86
48 50
13 2
81 43
48 103
36 38
53 70
26 123
5 141
36 133
37 86
23 47
37 121
22 27
26 23
