20 145
62 15
32 155
23 105
5 33
98 17
23 113
50 115
16 95
25 27
66 9
57 99
67 43
37 58
39 72
39 79
9 120
58 28
24 29
47 11
53 2
15 102
85 39
27 53
15 29
20 73
51 105
38 76
24 58
44 30
15 27
3 196
65 50
7 44
32 117
21 127
45 38
11 149
54 67
28 49
86 61
24 82
59 25
86 30
61 6
12 173
38 29
28 180
76 16
4 198
39 63
5 2
4 80
12 96
14 179
59 36
79 24
64 43
23 115
71 29
27 37
98 37
55 72
18 197
20 50
26 153
64 5
3 197
7 161
12 31
22 21
14 160
13 21
71 22
15 47
2 126
16 173
11 6
39 76
24 26
67 30
62 8
72 26
27 61
5 67
87 16
16 14
85 70
44 52
3 89
24 32
80 66
11 117
89 65
12 150
6 134
51 52
63 59
3 116
13 136
69 16
79 3
14 159
12 64
8 116
11 78
88 12
94 23
30 13
9 145
28 67
30 28
6 13
41 113
36 85
23 14
30 48
70 39
2 98
75 25
20 142
74 47
39 125
55 29
50 30
17 54
32 113
96 41
11 115
54 26
79 24
67 2
15 143
69 77
28 195
86 44
23 168
96 59
5 170
25 9
22 143
11 119
26 149
100 23
99 8
48 47
54 85
56 106
62 61
50 61
96 59
17 89
11 147
47 11
53 88
42 57
14 39
5 91
70 22
19 46
56 65
89 17
35 43
31 119
8 162
49 5
24 60
1 7
99 35
2 170
29 96
95 32
28 60
28 138
61 35
9 15
10 19
9 21
7 37
99 13
5 44
3 102
7 138
19 147
7 28
14 71
56 32
11 19
26 9
33 86
32 13
54 67
3 185
35 163
83 13
81 3
11 75
23 6
55 15
68 68
