19 16
56 27
54 70
82 67
13 141
31 53
95 10
34 49
85 6
14 171
52 13
58 23
20 31
3 142
71 26
82 12
29 70
50 26
44 128
3 82
3 197
20 192
33 2
5 143
6 35
25 160
17 177
8 8
7 200
92 16
44 72
26 178
10 5
28 15
53 22
16 176
38 36
51 116
15 1
43 32
10 195
71 28
9 122
7 190
3 125
92 31
12 100
52 47
25 68
18 90
24 188
3 172
95 10
77 23
4 19
60 15
54 47
22 81
46 34
2 157
16 61
62 48
8 52
17 173
9 60
10 83
77 39
65 34
13 148
14 83
47 25
4 18
37 95
45 112
22 24
25 157
74 29
8 123
48 96
83 33
40 50
4 176
70 74
68 52
34 109
19 41
34 35
43 71
11 159
3 150
49 96
25 119
9 54
86 10
100 6
33 5
89 27
25 131
41 5
38 20
18 146
33 82
32 63
1 122
57 25
16 39
22 61
57 80
9 126
31 81
11 112
8 30
56 98
9 68
11 111
38 30
73 3
17 133
5 35
37 104
8 22
30 108
25 146
4 1
12 170
70 50
26 65
51 93
22 84
62 15
17 51
9 186
36 41
72 49
15 44
92 64
9 113
18 62
22 7
10 39
7 161
4 99
90 8
20 27
30 43
5 127
42 50
59 39
25 143
15 122
23 172
14 195
24 106
10 157
39 117
33 49
75 50
27 144
49 55
77 71
8 122
16 141
7 139
25 135
62 15
23 110
45 57
31 77
55 24
23 18
25 103
48 76
3 63
82 70
12 79
36 19
26 78
44 53
12 69
5 142
32 168
7 189
2 136
6 140
88 58
60 82
31 8
48 20
43 68
56 61
81 22
40 100
23 37
23 175
80 44
25 8
22 175
20 61
20 67
19 59
