82 11
14 50
51 75
67 66
79 10
8 51
95 16
17 138
26 200
34 69
74 29
36 44
55 40
44 21
7 53
3 172
64 62
20 88
96 22
1 76
17 125
39 85
14 140
26 5
22 195
24 157
34 15
72 46
82 62
64 13
93 28
74 10
4 169
41 67
14 97
95 42
24 21
52 62
2 77
49 10
88 26
50 49
25 39
4 11
14 92
3 144
11 64
10 94
38 6
47 40
33 108
4 77
66 3
6 20
29 87
61 61
57 74
35 29
22 183
83 51
57 7
63 6
8 43
38 45
13 137
42 76
39 121
8 22
3 78
61 55
90 30
15 115
28 31
29 121
5 142
30 60
27 64
2 67
4 94
7 125
54 53
22 63
49 112
100 7
14 40
20 58
62 58
22 144
34 33
13 44
27 41
4 141
58 89
30 121
26 129
3 41
44 1
29 193
41 15
22 191
38 26
16 143
8 190
12 73
30 64
31 25
41 6
72 9
30 62
56 49
90 46
10 129
16 176
69 20
17 129
55 105
31 43
3 129
2 109
54 32
22 127
29 105
2 163
75 73
17 151
6 58
14 2
27 54
28 68
12 119
77 33
37 81
97 6
11 141
60 44
28 17
51 47
81 3
37 41
16 113
38 24
1 184
30 150
36 93
27 90
54 3
1 121
20 55
62 53
14 18
54 32
35 67
10 64
2 118
48 44
23 166
71 51
25 51
9 47
13 70
37 61
21 171
85 29
62 48
73 24
4 180
8 170
1 192
76 57
66 46
9 186
11 4
18 119
76 24
59 9
5 177
29 41
63 41
5 29
10 35
8 72
79 30
16 167
39 122
31 109
2 16
12 70
1 17
22 40
2 112
43 29
24 90
11 176
14 149
68 67
37 21
17 140
91 56
10 43
38 52
