64 74
56 96
48 73
34 75
79 59
50 38
18 40
6 148
98 20
92 7
17 70
97 39
93 59
9 104
26 9
37 48
81 6
97 14
39 8
10 114
11 153
5 20
73 34
76 28
67 29
9 28
34 20
14 79
21 191
8 149
70 11
100 34
26 175
17 172
53 77
54 40
28 107
14 32
7 173
6 80
47 66
6 48
23 69
11 101
71 46
80 30
52 33
45 27
5 191
39 86
28 170
45 17
50 12
29 3
28 194
40 25
54 16
46 42
18 54
73 51
26 8
23 39
34 50
53 104
81 72
3 112
78 16
23 148
20 142
28 98
22 65
89 30
19 92
2 37
41 120
10 116
71 25
29 64
60 63
59 66
100 24
77 14
62 67
27 119
14 30
16 146
60 48
77 26
82 44
6 62
53 56
15 150
12 115
10 21
67 22
1 158
11 195
27 34
63 58
12 176
11 164
34 56
29 7
99 10
90 35
23 114
43 95
63 63
29 124
79 46
92 38
40 61
10 171
47 24
8 200
6 132
21 154
7 53
13 98
91 7
26 34
69 82
93 15
19 66
5 157
98 15
64 34
12 93
78 28
30 117
6 151
14 42
21 29
76 1
77 1
11 178
17 162
61 34
54 94
70 28
5 16
43 30
38 46
5 156
24 140
4 198
78 14
19 32
10 165
25 8
12 63
37 66
84 64
8 5
10 67
72 46
14 191
69 78
35 52
32 144
1 51
26 45
13 141
90 13
74 48
81 3
83 16
99 3
13 165
25 10
8 152
14 78
70 37
24 129
67 9
74 36
11 123
12 153
15 22
71 11
12 145
32 122
66 2
39 52
32 12
23 151
73 28
79 58
91 8
5 51
17 36
20 200
5 34
72 37
24 76
15 44
9 59
20 171
10 153
15 72
