34 49
19 73
14 182
16 131
33 110
84 34
16 106
61 26
9 151
53 8
26 95
4 9
29 131
99 24
36 12
39 102
5 85
85 45
51 39
5 61
61 39
25 40
84 12
4 93
43 69
43 30
41 146
54 48
93 40
31 93
82 44
14 59
13 119
4 70
11 95
25 54
4 159
27 69
90 25
26 55
53 68
18 137
19 87
28 162
4 91
10 19
80 17
3 58
4 73
73 26
5 28
1 169
22 147
6 83
24 97
19 141
23 147
82 28
17 84
8 158
25 52
92 47
52 6
70 20
7 119
7 164
2 76
33 125
30 100
10 73
19 49
5 15
21 60
27 200
22 143
68 69
30 19
100 3
20 34
85 6
55 8
48 29
65 21
84 11
57 58
28 40
42 74
2 84
35 28
14 115
24 24
17 4
95 63
16 129
99 26
49 30
79 67
19 5
30 64
30 106
85 44
5 177
14 171
57 43
38 150
18 197
91 27
8 90
5 71
43 92
32 78
35 106
31 14
63 9
37 16
46 29
45 95
16 140
1 175
78 1
19 11
20 70
38 97
5 159
17 63
42 110
19 150
28 175
87 1
1 141
29 1
4 111
7 179
33 180
49 27
32 143
72 2
25 156
58 14
20 170
49 51
27 1
16 31
88 45
2 195
53 46
66 5
38 50
2 90
79 45
10 16
33 43
33 33
24 119
70 15
8 170
76 25
80 30
6 119
15 69
11 35
5 172
67 42
9 29
97 41
82 9
22 45
54 60
2 17
45 34
100 39
53 69
42 3
98 28
8 172
19 57
19 136
31 34
4 66
67 56
66 56
56 88
10 125
32 31
4 50
94 42
22 4
7 67
55 14
40 106
47 119
65 74
73 58
57 18
9 181
14 199
24 198
86 12
35 13
4 53
