33 54
3 164
37 97
67 13
80 50
30 111
13 183
21 121
34 73
76 61
19 182
18 41
81 61
12 34
33 98
14 84
10 54
33 37
45 36
2 10
71 22
18 36
52 5
79 36
6 195
36 19
12 90
39 60
29 45
16 64
5 191
18 109
33 133
81 69
34 9
63 67
4 8
52 7
52 85
23 57
5 131
49 28
64 21
41 75
38 81
28 63
2 37
41 16
54 50
66 45
57 62
22 146
39 87
10 11
23 173
12 132
17 34
18 43
7 146
12 167
80 25
55 76
41 31
15 27
39 94
19 167
26 166
22 105
15 3
14 18
20 71
12 185
33 89
16 100
2 55
76 2
54 63
27 89
20 84
19 91
20 73
30 35
38 121
46 24
20 59
96 3
74 3
8 95
17 9
75 14
38 74
38 74
39 21
91 27
4 167
68 23
68 79
29 89
24 9
17 140
10 106
26 125
5 173
40 25
67 75
21 52
61 33
72 48
32 85
19 108
36 25
72 72
16 188
7 185
9 16
59 57
22 37
60 37
23 132
95 38
20 87
28 90
29 137
73 44
98 21
1 91
1 189
4 190
27 56
8 114
11 79
9 50
50 69
13 14
88 39
12 23
4 181
35 35
96 47
99 16
50 43
10 83
5 149
24 32
68 4
4 128
75 58
17 174
18 42
78 8
2 20
24 82
63 60
13 57
81 4
44 49
16 30
4 55
42 58
5 195
49 52
53 109
15 23
13 95
2 17
12 144
9 148
7 73
75 24
10 61
18 185
14 82
62 67
72 27
20 42
48 71
69 61
44 44
92 23
14 107
65 11
70 25
4 116
6 186
28 57
69 15
6 167
13 118
27 23
6 37
41 90
41 62
17 165
70 62
49 95
66 37
30 53
32 186
4 9
5 1
