4 66
25 25
52 110
65 27
6 54
57 103
53 25
31 38
33 35
88 42
20 75
9 27
27 55
47 127
14 97
27 166
19 53
65 17
5 57
57 67
48 17
50 7
28 139
58 49
33 33
32 30
40 53
7 165
16 91
58 65
38 74
12 62
46 5
44 103
21 78
19 167
41 24
20 176
11 53
36 84
41 54
11 192
50 88
14 96
34 79
95 17
9 50
5 30
4 19
42 51
10 199
36 3
47 39
9 149
59 46
51 4
41 36
22 34
33 42
48 21
41 33
15 168
2 169
35 95
55 76
38 33
37 80
3 89
26 73
40 34
24 200
20 55
49 11
31 118
29 64
1 115
27 108
34 107
100 34
33 10
27 137
61 32
51 48
32 109
36 46
7 79
56 94
12 40
24 139
73 14
9 166
49 15
27 136
38 76
80 26
42 18
17 168
99 2
69 30
71 61
51 16
7 111
22 157
27 69
6 20
39 36
87 68
32 151
29 53
26 30
79 44
54 45
74 37
78 11
12 85
48 23
21 44
81 9
34 27
3 56
19 72
13 30
42 126
63 36
78 21
23 6
13 99
28 68
15 103
11 46
44 40
49 57
25 90
80 13
30 54
83 35
2 193
35 150
95 48
51 20
14 6
98 17
39 46
16 146
19 18
15 86
34 28
3 128
36 54
17 134
28 174
94 40
2 25
19 68
61 65
49 53
63 12
64 92
5 176
80 35
21 142
61 57
21 73
5 164
70 61
45 35
99 8
28 126
17 112
31 58
24 26
19 127
20 98
76 54
28 186
6 128
73 1
34 59
38 1
18 185
74 27
69 1
4 22
39 93
26 53
55 13
10 68
16 198
26 129
44 33
98 16
50 37
21 141
34 28
45 66
14 146
50 49
14 194
19 73
15 175
