91 1
93 35
3 63
52 38
11 61
72 16
72 15
83 41
98 1
31 99
30 64
1 67
71 77
39 90
32 55
27 83
38 42
11 80
27 55
37 61
65 29
10 187
57 66
79 50
13 122
53 8
7 94
18 61
21 166
35 39
36 4
49 32
10 132
63 58
2 93
1 81
46 47
17 33
26 46
94 18
32 88
12 80
97 3
32 80
27 127
18 103
9 38
71 5
30 110
16 197
44 32
9 11
3 139
35 138
2 96
31 76
98 12
35 11
21 40
65 24
49 21
99 57
75 49
5 158
21 182
16 5
42 43
16 115
20 198
35 50
64 30
42 25
58 27
62 17
7 30
19 148
62 35
53 41
43 57
35 134
91 13
35 14
66 1
68 73
26 57
12 65
50 24
49 18
18 147
97 61
37 40
27 110
28 150
12 143
35 75
67 70
77 4
66 19
45 77
20 53
51 74
70 45
38 62
19 179
5 42
1 118
98 55
33 122
56 54
50 28
83 15
83 37
30 27
5 147
82 13
12 140
19 53
25 67
19 144
40 85
37 7
58 94
78 27
75 65
47 17
29 91
35 80
48 105
18 150
6 108
8 18
43 9
50 19
14 96
5 11
9 80
5 43
12 67
23 166
52 27
19 83
9 187
68 7
6 5
2 193
3 55
49 100
29 88
46 58
16 156
16 86
28 36
5 108
94 40
24 159
89 10
21 11
22 22
20 87
7 8
13 140
16 15
75 27
59 58
51 2
96 30
27 96
83 54
6 68
21 133
68 16
4 80
29 12
8 198
45 87
94 62
36 35
12 72
53 45
54 102
22 184
20 142
9 45
6 11
39 12
17 58
16 188
84 37
59 57
51 99
5 165
21 85
20 103
89 25
10 175
18 105
33 63
48 90
9 166
8 68
