29 113
36 63
72 19
8 75
93 21
6 47
20 87
23 47
52 8
72 12
4 65
89 42
3 56
34 22
4 188
16 150
55 2
22 61
20 123
13 66
88 26
26 174
55 68
17 127
50 113
11 138
69 16
8 121
73 44
9 145
18 32
4 2
23 47
29 137
52 113
12 47
14 33
93 39
52 9
64 58
12 28
19 159
20 23
45 2
8 68
26 190
28 81
83 19
4 43
6 156
11 170
58 58
14 91
23 31
60 56
33 114
13 129
11 108
40 73
2 143
65 24
24 160
78 31
18 73
77 72
4 129
38 72
45 107
5 54
51 30
7 170
52 27
88 14
1 107
51 28
4 158
28 155
64 2
32 146
21 80
38 151
36 105
7 168
4 77
51 40
58 82
14 15
25 33
31 106
100 11
17 114
26 56
46 49
30 26
35 26
85 6
95 58
17 173
99 29
42 50
45 127
13 187
50 49
19 103
41 49
16 61
48 70
14 195
63 61
62 96
1 131
27 56
75 7
1 76
75 71
34 44
13 148
8 147
42 31
25 192
11 98
50 119
10 198
14 16
18 92
25 28
4 81
3 178
27 43
64 61
88 21
7 83
36 147
47 29
1 130
77 14
36 81
6 66
24 67
35 24
12 55
61 45
16 33
33 85
1 44
14 44
30 17
37 97
3 158
37 105
94 28
72 43
76 17
32 144
75 52
17 174
31 88
63 43
16 101
60 13
17 136
54 10
64 10
24 163
58 37
4 161
71 22
25 14
47 84
3 71
77 51
7 75
60 60
28 133
20 169
13 97
64 93
79 13
42 45
51 16
64 15
3 189
2 60
19 138
16 138
50 73
63 15
73 44
17 24
67 22
2 76
43 75
11 154
5 61
8 197
30 142
49 62
87 13
67 26
12 60
