68 72
56 34
41 46
56 2
78 25
9 141
60 73
46 71
29 54
58 31
39 69
11 177
14 113
53 2
86 64
16 191
30 54
82 8
45 50
16 32
34 145
10 8
17 170
9 23
9 192
76 24
16 135
7 69
12 39
11 123
11 181
1 40
5 88
33 123
17 70
33 32
62 9
12 110
40 57
8 106
16 25
26 149
8 139
16 156
87 59
67 8
20 84
37 161
90 25
27 114
8 157
13 41
100 14
41 2
15 73
56 7
48 85
22 136
49 71
20 161
80 45
9 192
20 73
87 42
20 58
21 106
46 56
23 138
31 1
5 179
47 113
16 6
23 165
2 90
79 17
63 9
98 25
23 84
31 71
15 73
4 170
98 35
4 10
23 74
32 84
83 27
91 3
22 20
30 88
29 33
20 1
36 70
17 23
39 13
85 40
14 141
82 68
8 131
31 156
6 109
42 141
24 39
1 43
20 69
42 33
5 195
5 119
1 142
14 141
36 76
7 92
29 82
14 92
38 61
44 95
58 62
42 17
26 98
43 117
40 83
94 45
86 19
31 103
4 127
2 103
42 45
37 34
50 46
20 121
45 23
18 37
83 61
9 169
87 67
35 26
9 109
35 43
6 144
5 20
55 38
45 95
4 100
4 131
69 7
23 165
40 53
31 115
63 41
14 97
15 142
2 88
64 48
99 4
77 49
5 112
15 62
19 156
35 87
13 14
24 43
16 118
89 32
30 119
37 40
1 129
1 129
42 42
54 47
17 116
58 58
99 8
27 96
35 3
7 130
39 92
55 5
7 90
31 48
7 6
11 48
52 88
22 70
50 90
39 32
7 4
28 15
24 114
2 44
46 7
17 170
52 7
51 18
55 33
17 125
60 36
13 90
68 51
25 105
47 5
37 83
