97 23
10 172
98 35
16 103
82 44
86 42
34 61
46 97
25 172
86 24
24 8
89 39
92 35
15 21
35 24
14 139
40 27
11 48
11 88
59 2
37 40
76 18
84 55
36 38
26 25
5 20
26 48
4 100
11 109
2 144
26 115
30 124
25 60
36 153
4 63
39 21
33 116
12 179
48 43
14 160
52 21
53 23
42 71
7 4
10 102
6 181
32 15
29 82
53 33
88 60
9 173
72 4
9 2
73 10
9 13
24 96
23 99
12 38
4 49
51 106
27 98
45 121
15 60
88 44
30 61
11 131
29 119
7 156
11 31
36 26
27 63
19 192
10 50
28 34
19 64
39 65
76 57
87 41
68 16
42 28
5 125
7 45
70 13
59 41
5 14
11 153
15 186
83 34
1 14
28 152
11 1
15 173
86 11
3 195
12 187
11 23
38 108
17 103
31 129
10 19
33 142
30 53
12 40
1 113
76 5
33 65
14 176
75 67
96 14
40 17
2 138
28 68
88 44
70 47
8 150
11 28
14 118
38 124
35 111
1 160
15 73
18 61
81 46
11 163
43 87
26 151
11 148
8 179
52 7
15 108
60 76
1 61
45 30
27 53
42 34
73 29
18 156
90 37
14 57
4 37
24 116
27 47
85 9
24 111
29 111
19 122
34 99
42 26
40 10
72 69
32 27
4 136
5 6
36 25
89 22
3 199
81 34
51 11
95 54
50 77
53 94
58 7
55 30
10 29
39 103
36 34
96 27
34 108
19 134
6 138
62 36
90 20
43 3
7 200
27 169
32 61
8 173
20 50
10 151
27 86
79 29
6 93
3 43
13 118
27 58
61 25
23 101
39 72
11 7
53 70
8 81
56 32
19 51
6 75
37 35
39 105
40 100
73 35
10 161
31 85
