19 63
46 4
89 61
78 70
6 172
27 44
70 25
69 5
49 42
97 60
14 187
55 73
4 158
57 16
61 45
61 18
4 70
25 150
1 64
59 41
9 199
15 62
1 29
91 19
43 71
32 116
4 105
9 20
19 94
71 30
48 56
28 82
22 96
60 82
39 10
12 146
73 47
23 160
8 54
23 80
10 68
85 1
27 74
55 70
34 63
21 38
11 83
26 7
16 71
14 67
16 164
86 45
10 75
64 39
53 41
22 184
59 58
56 44
25 168
15 37
99 32
6 149
29 92
3 79
10 2
47 92
26 16
22 6
20 42
63 60
24 49
13 191
4 66
11 83
42 10
92 20
17 28
6 28
61 41
24 3
20 133
69 35
71 15
2 100
5 199
35 47
68 52
19 130
33 73
36 60
26 39
1 110
27 57
68 58
16 31
25 79
59 46
42 1
44 44
36 62
31 9
18 38
30 59
29 6
62 61
83 66
50 59
9 82
50 46
18 102
59 49
36 95
61 4
1 13
81 14
83 68
20 148
64 13
71 21
19 134
33 87
46 7
78 6
45 104
17 42
74 23
27 82
76 37
91 49
13 2
82 67
17 96
28 126
25 78
3 18
10 161
50 4
11 134
6 47
3 79
16 78
12 76
67 5
59 36
21 19
2 98
39 150
63 2
16 194
62 43
4 65
49 39
9 49
48 89
10 184
24 102
74 44
72 12
70 1
82 44
39 97
94 33
21 132
74 4
28 30
33 71
25 69
32 44
12 37
16 170
11 39
13 125
10 159
13 29
9 51
16 125
31 17
76 22
38 149
11 140
74 21
51 108
92 64
2 193
19 115
19 62
22 178
48 28
52 73
66 16
87 15
4 56
16 6
16 92
74 66
46 15
1 120
8 149
26 41
34 149
