30 109
35 115
24 160
52 113
2 48
63 41
99 4
27 86
57 13
22 82
11 120
33 81
17 67
74 20
13 10
36 1
3 104
23 126
21 46
70 72
9 174
47 31
12 169
61 6
9 105
25 44
39 75
84 36
72 70
41 69
68 35
30 45
5 192
18 124
36 48
46 61
17 59
70 38
21 145
2 164
27 77
80 6
21 69
50 23
38 47
52 52
53 51
5 154
16 35
100 30
48 38
5 144
31 87
83 21
31 153
11 36
9 66
6 155
47 61
9 135
70 2
72 17
51 44
11 29
15 144
74 76
6 25
46 55
14 57
83 26
59 29
24 1
24 26
27 10
87 8
7 9
70 11
43 11
50 119
19 135
42 95
9 71
4 156
69 26
17 22
85 16
8 81
16 131
58 20
77 13
7 86
43 16
12 53
17 49
38 100
31 150
76 43
47 66
13 200
10 20
4 89
23 6
14 155
36 46
11 95
90 60
74 41
11 154
56 31
94 13
20 144
54 35
14 195
55 102
44 71
22 67
97 19
39 28
21 34
11 89
37 73
78 12
81 22
30 12
23 86
89 34
54 25
56 37
33 3
20 107
60 46
45 31
93 42
1 131
73 51
13 114
68 60
79 20
24 161
9 13
7 57
7 140
47 19
81 39
48 20
6 123
28 110
31 45
44 59
6 46
42 16
62 60
22 172
20 6
9 72
2 118
96 4
83 17
76 65
92 35
33 172
29 169
37 11
58 38
31 21
10 142
52 42
30 26
75 44
12 27
24 160
89 11
64 35
42 55
8 66
73 35
93 59
24 190
59 32
7 112
12 15
11 86
39 153
1 190
74 3
28 24
7 152
63 70
38 62
41 29
14 168
69 76
24 46
63 29
65 29
28 165
98 17
48 38
79 15
7 61
