8 123
8 95
4 158
36 166
13 196
47 90
36 114
15 37
25 111
33 123
95 13
26 110
72 53
51 84
84 21
78 69
98 3
47 78
76 26
44 130
23 120
29 119
20 23
93 4
38 55
45 111
82 29
35 40
31 56
81 46
1 162
54 42
96 10
20 81
95 16
47 109
19 127
16 53
61 45
25 154
54 77
28 85
15 44
13 34
12 169
6 12
3 175
57 22
6 198
16 38
13 99
2 39
7 4
9 105
79 5
11 113
80 3
16 158
70 57
18 78
91 27
86 14
18 111
69 24
74 49
4 163
14 179
7 170
43 65
73 33
14 56
4 160
73 17
60 47
62 16
39 22
43 22
68 88
43 38
28 30
43 80
27 11
28 63
19 186
9 82
7 58
23 129
55 63
5 187
10 190
29 122
24 104
34 37
71 42
3 141
61 31
62 35
27 96
71 15
66 20
28 13
56 26
88 41
17 100
18 156
23 83
55 1
12 82
68 51
23 22
29 134
94 56
54 35
41 96
83 42
81 22
6 152
49 76
50 47
22 128
15 37
61 25
71 29
36 80
2 155
100 33
67 88
7 43
84 23
6 136
46 97
7 159
94 13
49 27
59 101
19 22
41 61
3 20
5 4
2 56
23 68
31 102
45 24
36 48
42 42
27 65
8 122
35 65
19 182
66 60
36 42
71 72
66 28
29 172
16 22
9 129
85 15
30 87
100 11
2 100
29 16
22 48
56 23
48 2
65 57
88 40
7 73
95 23
75 7
89 31
2 14
41 65
70 63
32 6
4 52
10 159
2 74
42 25
35 55
16 177
14 139
71 26
30 1
10 54
30 186
39 43
5 197
13 136
72 22
43 1
40 61
23 93
12 163
30 14
16 59
10 63
9 34
90 65
10 175
17 133
