26 189
86 17
93 15
2 131
7 138
21 67
8 35
51 32
29 78
31 139
4 36
65 21
17 3
10 19
9 179
27 119
42 14
63 54
27 49
86 65
6 34
8 105
16 88
30 109
44 54
79 24
99 17
99 43
51 44
10 186
3 73
91 15
31 67
31 136
68 12
16 178
20 184
2 102
44 79
16 60
14 43
12 155
8 141
27 42
15 126
15 161
36 93
7 82
27 185
88 10
9 44
22 125
22 161
34 74
65 92
3 26
6 54
13 17
36 81
17 13
13 114
30 94
11 102
59 58
98 34
26 157
11 150
39 68
50 54
50 28
14 132
65 12
9 138
10 200
23 122
57 18
17 62
26 61
99 40
35 43
18 153
10 79
73 39
44 36
63 84
64 35
10 6
65 77
70 30
50 11
50 48
8 172
26 56
18 125
16 161
33 39
88 17
30 25
15 153
65 60
51 8
47 3
7 140
39 35
100 38
84 12
32 113
27 42
51 59
94 3
56 107
34 65
32 44
16 106
33 27
53 2
29 4
43 112
58 35
37 40
37 55
41 27
51 21
41 40
13 79
25 38
76 3
14 55
65 92
54 14
49 12
27 112
8 150
36 100
27 26
38 38
18 123
76 54
34 43
11 137
62 34
85 45
32 10
21 74
84 5
45 26
19 156
42 31
10 131
27 11
22 27
100 33
33 169
53 93
83 44
8 34
54 72
26 36
38 5
10 166
27 13
32 5
20 139
42 130
25 145
25 92
89 14
99 22
17 85
49 8
67 51
55 34
58 54
28 94
29 85
36 21
46 61
3 132
50 29
13 38
15 108
22 175
2 11
20 167
7 160
8 27
53 9
19 29
54 102
8 9
49 8
25 200
15 151
24 81
81 9
2 85
42 19
77 25
29 24
53 82
