6 131
82 6
34 154
12 35
28 120
65 16
32 59
25 21
20 8
17 196
23 85
6 194
6 33
73 26
36 160
47 27
25 59
2 32
6 95
28 104
51 76
2 10
39 9
28 23
49 45
7 150
90 41
17 126
41 34
28 14
75 15
13 119
57 8
20 34
39 128
4 198
32 130
33 59
36 152
13 143
38 125
26 194
59 30
8 5
33 143
34 29
59 45
31 127
20 109
39 6
52 35
61 14
35 2
57 32
4 107
64 42
51 40
5 114
53 55
13 35
21 104
34 95
1 86
30 7
17 57
19 123
44 86
65 76
46 12
11 10
62 45
74 21
7 48
19 87
38 62
10 165
88 29
28 185
24 36
20 77
22 26
10 103
34 104
36 18
18 26
61 31
2 18
53 66
8 51
5 152
28 112
38 28
18 144
21 188
45 39
62 62
29 61
16 132
13 111
15 132
43 130
59 1
5 150
43 37
82 28
13 28
73 19
26 109
33 52
11 86
98 9
4 21
55 60
96 53
2 128
17 162
65 59
42 5
19 84
57 104
10 190
20 155
81 31
66 37
26 7
72 41
74 51
80 7
1 142
3 43
10 128
66 66
42 47
61 72
39 32
32 51
20 94
10 7
8 119
4 144
2 138
91 58
18 19
62 8
34 3
48 38
27 28
45 124
45 7
34 173
22 137
6 190
82 29
29 108
44 66
35 26
43 49
59 6
14 195
62 50
43 70
6 149
7 130
21 128
99 1
36 19
30 86
16 154
84 28
12 121
19 36
40 92
72 1
8 131
45 5
86 67
10 58
6 6
34 172
90 43
20 165
1 133
17 124
13 158
20 70
53 63
37 7
41 86
16 153
2 125
28 91
25 105
10 176
15 109
13 199
76 8
19 52
22 32
2 170
88 11
