30 111
62 29
51 98
90 14
50 34
30 39
37 138
29 10
55 44
1 147
31 80
1 183
30 132
47 10
62 18
65 30
69 46
36 119
7 28
8 109
54 14
54 75
17 29
5 137
98 29
16 64
8 152
28 130
35 29
13 168
22 42
26 112
83 17
85 11
27 146
6 121
4 200
12 178
32 165
7 183
13 115
2 196
7 37
67 42
75 52
22 31
27 190
56 9
13 61
16 148
11 181
3 149
28 11
74 6
59 4
58 32
58 74
9 120
3 39
48 62
19 3
59 84
45 29
13 87
8 95
26 119
26 85
17 105
21 150
24 108
39 78
7 110
5 192
14 185
38 45
59 72
20 76
20 76
27 177
14 21
73 72
72 42
20 68
17 72
17 59
38 30
17 59
21 186
23 18
25 81
25 90
19 97
51 73
2 40
12 192
36 5
61 43
70 8
82 19
60 22
7 198
43 19
24 158
56 67
35 24
5 112
7 125
39 50
31 5
11 91
26 173
5 32
38 41
5 69
51 44
4 96
37 15
1 120
33 45
6 106
3 73
30 46
82 17
48 40
33 114
67 47
2 146
88 2
28 87
24 83
65 53
19 7
41 60
14 163
89 10
15 195
67 38
45 49
44 73
29 158
25 23
82 25
9 124
12 73
33 40
99 12
29 170
5 36
46 122
43 4
33 82
23 94
88 22
16 54
50 99
7 174
66 23
7 186
20 98
5 127
6 71
63 19
9 55
23 122
4 83
48 38
35 112
35 101
19 6
39 52
41 16
67 36
41 67
15 99
3 37
4 129
53 66
81 54
95 22
64 28
1 94
53 66
31 140
6 74
90 53
15 17
20 89
88 13
25 54
11 133
92 37
80 26
49 62
52 40
94 36
23 130
1 91
76 68
27 18
92 22
