7 146
34 78
46 100
23 157
50 46
18 54
32 101
14 104
53 68
36 155
98 4
25 112
5 76
44 67
24 157
95 15
21 84
1 160
40 115
45 129
54 46
9 104
15 163
48 6
32 86
27 6
21 103
25 174
17 136
57 79
33 85
67 12
32 23
13 176
50 43
17 42
75 50
35 165
53 56
87 38
41 39
42 14
15 86
21 86
93 14
30 67
11 128
62 38
22 144
32 164
93 15
19 32
91 33
41 107
2 72
79 50
22 9
74 75
42 95
9 81
70 45
32 91
31 7
68 7
68 8
7 197
70 20
21 137
1 76
78 18
31 89
41 73
52 55
45 8
11 147
7 17
4 71
21 58
54 14
3 180
16 134
2 42
12 126
15 26
79 29
12 170
30 24
31 69
11 140
5 72
2 45
45 67
8 12
34 162
58 98
11 148
57 76
12 139
85 15
54 24
7 98
42 129
31 114
1 4
7 139
15 136
9 161
16 35
27 90
4 159
45 87
14 80
30 100
5 140
35 65
15 126
33 63
21 154
21 140
19 69
42 27
13 180
93 6
77 18
97 11
95 52
45 14
31 139
7 176
6 143
30 164
61 62
7 128
17 112
3 131
32 37
37 147
36 5
33 80
16 35
39 86
79 49
13 73
7 129
68 14
4 107
28 107
3 91
10 110
36 42
15 143
88 46
5 116
19 22
7 159
32 42
57 5
69 47
1 1
35 72
3 64
21 87
30 3
24 35
25 13
62 23
39 42
17 59
29 122
100 29
9 41
36 153
1 191
94 11
39 97
63 20
69 6
18 115
10 13
7 69
9 180
33 37
47 17
9 84
3 2
53 36
28 91
62 1
52 22
41 13
70 3
25 56
5 5
2 178
24 50
1 163
37 108
16 57
29 49
2 3
