37 35
18 40
30 102
42 84
31 170
68 29
16 164
19 111
96 50
23 32
89 11
17 89
69 39
17 40
42 62
21 79
30 124
33 30
5 102
4 1
20 99
72 43
96 11
74 31
38 68
74 19
35 101
37 84
7 185
24 147
6 11
37 22
21 105
52 85
3 43
42 99
100 56
30 9
18 70
40 54
52 19
1 164
18 35
82 39
6 11
7 163
5 18
40 65
72 40
7 5
36 150
1 14
8 197
31 37
94 8
9 37
1 156
35 59
5 156
77 27
19 37
11 148
1 120
79 26
18 35
20 49
15 181
67 3
17 6
24 29
96 13
21 97
44 130
54 7
43 19
47 4
25 140
37 36
83 33
4 94
44 2
10 165
6 139
29 7
13 44
7 27
4 166
39 7
35 91
10 30
17 139
59 36
24 48
27 100
48 21
37 104
6 166
15 57
56 26
57 36
81 37
48 23
23 153
4 143
1 132
13 115
13 168
16 56
29 59
34 59
41 28
94 26
84 64
21 33
6 60
4 164
53 98
71 9
23 165
1 117
49 73
1 19
89 55
47 4
39 38
96 36
65 4
57 47
14 134
52 78
92 42
60 14
2 149
28 103
58 33
17 157
12 128
12 27
94 47
93 51
21 69
23 60
7 136
1 59
17 35
82 6
23 180
17 130
19 162
83 47
12 125
8 87
4 49
4 35
6 144
32 21
90 11
30 30
9 47
8 189
45 67
31 152
19 154
29 126
55 18
96 24
2 32
32 186
44 17
100 14
22 119
25 127
24 74
43 128
31 117
26 12
27 54
4 139
30 109
82 9
30 55
14 139
15 188
8 89
16 182
62 72
17 21
4 78
52 65
57 83
13 21
51 49
64 43
14 45
19 27
98 60
14 18
22 168
21 76
64 2
