29 20
32 41
89 35
31 114
93 40
21 71
54 13
6 78
38 34
4 45
6 60
7 199
31 125
70 56
69 8
23 117
10 57
85 14
44 13
22 84
9 105
23 115
75 64
28 40
43 50
29 156
77 4
47 52
47 9
16 113
2 72
64 11
25 153
65 16
30 103
12 117
30 22
81 50
23 158
37 7
17 105
12 120
18 7
33 179
86 33
73 82
9 195
1 118
13 24
45 115
9 58
36 14
68 30
9 82
3 163
10 11
22 18
24 35
36 54
27 148
24 105
27 22
83 29
26 94
35 58
42 9
39 32
37 117
24 25
83 57
54 28
65 6
45 62
23 17
14 129
6 187
77 38
35 69
80 25
67 29
39 19
9 69
94 8
22 139
62 12
23 65
57 33
55 70
9 27
13 142
46 80
29 105
17 18
20 152
33 6
28 128
19 40
25 8
18 130
9 92
54 85
12 177
92 58
79 22
72 40
85 9
74 6
47 42
15 167
9 126
24 65
41 29
2 142
6 113
85 30
42 9
10 55
35 107
25 2
75 5
16 185
11 40
69 69
36 98
73 32
8 23
56 61
81 65
18 60
19 193
45 89
22 29
37 78
41 34
31 57
38 96
43 89
13 84
9 192
3 155
37 6
50 10
4 92
89 60
21 163
1 112
76 77
28 185
14 164
24 137
43 12
12 31
38 24
21 161
71 59
14 164
19 119
34 61
32 155
52 37
31 125
39 26
34 58
44 38
61 63
16 97
14 81
52 9
30 50
1 126
86 1
46 8
8 25
18 194
29 112
2 94
75 18
23 59
39 153
20 28
1 145
50 94
2 191
7 76
85 29
27 70
100 3
59 27
23 41
66 38
77 45
11 89
9 163
22 121
2 69
83 10
13 181
6 60
15 136
34 61
