31 104
13 72
12 89
7 10
17 157
3 99
16 79
92 23
6 170
55 73
19 200
18 39
47 21
27 183
49 116
21 36
48 85
48 24
60 89
23 143
13 83
20 10
99 34
72 17
11 40
26 8
65 69
23 187
6 93
26 111
45 79
77 41
11 81
2 83
19 147
48 73
11 68
28 26
61 43
53 9
14 16
48 26
39 31
48 57
97 27
49 26
24 102
13 81
44 41
65 91
14 21
9 187
31 58
40 78
40 140
19 196
80 57
55 56
12 28
25 19
33 92
70 9
45 31
16 85
26 168
49 73
32 94
58 15
33 76
24 117
6 137
51 4
26 30
15 54
33 20
25 89
79 38
17 22
16 92
4 183
63 43
14 75
44 14
19 175
19 134
10 39
2 47
41 129
55 26
79 39
6 101
23 68
8 159
50 13
2 87
32 58
50 40
21 162
29 1
24 92
98 13
23 53
29 23
56 19
8 42
20 65
12 65
44 27
22 55
58 18
78 46
28 17
5 107
14 163
30 102
26 33
4 185
15 100
4 85
14 169
65 50
52 61
4 97
86 12
6 161
39 45
44 68
16 47
2 101
19 124
1 80
7 2
44 50
98 27
59 19
26 90
67 26
53 28
10 133
18 172
33 43
69 45
1 161
4 110
82 48
18 137
73 3
18 42
3 91
93 3
26 46
19 54
58 13
59 14
28 10
4 141
43 134
19 176
68 30
15 128
9 69
1 177
15 66
43 137
4 58
35 30
17 158
22 38
7 123
63 77
15 132
25 161
71 23
7 72
18 144
98 20
16 90
38 11
82 8
80 4
89 30
96 9
96 52
24 138
32 68
53 112
49 14
37 68
13 3
21 151
52 67
35 127
1 36
83 25
54 51
46 11
70 57
9 120
33 125
21 23
