55 98
46 2
22 188
25 48
16 24
78 5
10 193
44 42
26 17
11 94
53 28
34 53
46 123
9 39
52 27
61 4
20 19
29 74
8 18
34 61
67 6
54 34
97 24
79 66
92 1
21 48
65 45
58 51
1 21
38 64
75 11
12 93
54 40
9 61
27 122
99 52
78 35
25 78
32 160
57 12
5 149
58 65
43 25
62 8
6 20
89 50
9 187
64 86
4 111
3 164
42 51
98 33
84 29
11 73
26 106
91 38
7 50
19 125
50 119
46 29
54 71
44 70
51 38
4 140
5 136
32 100
17 188
11 131
92 25
23 30
9 183
3 46
8 183
25 89
98 21
7 164
22 69
13 15
24 44
17 178
82 48
59 46
8 161
18 166
41 46
93 60
20 60
33 48
30 81
34 88
38 92
60 56
44 84
47 26
96 37
1 125
58 63
68 51
92 11
6 33
56 4
5 151
89 37
45 74
27 36
75 7
55 31
11 114
84 47
12 77
93 11
13 126
28 6
64 45
5 116
18 73
15 139
93 15
12 183
79 6
46 47
31 27
68 8
70 25
49 43
24 18
16 115
25 9
52 41
56 10
14 46
26 89
13 67
6 107
4 185
3 143
45 128
3 176
18 121
4 159
81 24
17 33
58 5
19 34
4 2
80 64
41 55
30 39
97 12
15 199
7 171
47 98
23 133
14 107
53 54
5 115
78 42
30 11
39 36
26 84
42 44
91 38
12 121
23 115
21 74
6 44
14 192
88 65
27 46
5 43
30 7
28 11
30 25
49 1
5 20
21 55
81 49
46 114
32 180
1 108
82 68
7 50
5 90
1 33
5 42
27 125
63 71
29 158
19 86
22 9
6 88
52 75
24 55
6 100
74 4
11 190
53 99
70 39
54 5
48 41
