66 1
73 19
16 163
16 105
9 57
81 40
21 28
69 61
21 137
62 61
15 145
85 5
25 200
65 74
72 52
42 100
56 98
42 20
19 28
87 54
97 57
41 42
49 19
3 134
13 136
19 162
92 6
8 188
4 69
32 19
28 36
39 139
40 133
1 74
19 26
14 150
45 105
31 36
16 97
10 42
64 43
7 88
74 26
33 27
12 184
94 31
18 23
12 198
17 143
31 39
85 45
75 33
22 180
58 89
29 43
10 180
3 111
5 86
12 155
25 83
21 37
19 17
5 190
9 118
51 76
5 81
95 9
11 111
61 54
24 134
11 181
19 189
97 7
38 9
35 79
28 89
16 93
61 87
26 121
39 6
15 99
74 30
12 10
4 177
37 50
13 184
90 15
57 20
96 18
44 50
7 90
50 115
2 176
34 81
29 101
10 21
5 68
4 135
21 106
11 132
64 55
17 184
56 3
5 186
93 2
60 35
93 7
11 3
63 32
61 75
50 55
39 5
33 16
94 32
40 71
36 97
78 65
8 121
86 37
75 17
64 48
9 153
72 34
62 52
74 53
7 45
11 143
59 100
24 71
53 14
9 160
49 4
71 53
12 188
19 73
4 11
35 36
27 135
37 54
66 2
50 17
24 82
5 172
35 43
38 75
37 88
7 74
4 182
58 81
78 15
20 133
90 26
7 125
65 42
11 51
57 93
12 189
2 184
12 161
77 60
32 68
21 50
40 49
63 40
8 36
13 132
68 47
95 21
4 68
22 19
73 5
14 193
18 38
72 16
31 28
41 26
9 40
43 123
44 31
13 113
44 45
41 31
9 9
100 39
4 56
11 96
2 5
18 97
71 19
25 54
44 78
23 62
19 167
29 116
48 19
18 56
11 136
46 4
86 4
6 158
