6 106
55 104
15 165
30 130
72 37
18 45
2 132
92 5
89 61
20 192
60 36
16 45
79 3
34 169
5 4
1 132
15 80
6 25
27 99
10 147
30 125
13 15
76 9
87 11
78 73
57 45
6 1
22 130
49 37
55 63
10 29
25 2
27 27
28 81
1 73
25 120
53 99
51 4
18 142
30 173
19 199
5 61
65 16
6 140
32 104
8 48
30 69
15 51
70 36
13 136
29 181
2 12
38 5
15 97
51 32
18 195
18 158
14 84
96 10
28 47
3 73
91 1
96 13
37 105
29 96
57 82
14 2
4 156
94 27
24 13
83 16
25 51
21 9
61 15
11 168
34 25
18 63
33 86
88 22
23 29
59 58
93 8
48 15
21 155
40 61
14 110
49 20
11 58
32 75
14 177
47 50
39 31
84 10
28 153
62 23
77 62
3 156
29 25
70 63
14 117
2 160
3 159
12 69
11 71
34 22
2 121
92 10
28 83
15 173
62 1
4 127
12 169
7 49
4 51
21 168
4 135
12 137
29 180
51 25
8 109
49 109
27 31
32 81
27 128
56 41
25 22
59 30
41 37
56 39
58 29
68 28
16 15
69 75
8 120
11 166
75 79
69 7
37 121
20 49
85 62
46 81
20 136
6 179
68 12
3 198
3 82
14 171
49 11
43 122
56 68
26 48
11 41
4 176
39 1
35 22
35 38
14 47
36 21
58 61
78 10
14 165
12 189
19 38
61 39
39 66
77 3
36 67
17 49
66 9
70 1
72 16
96 21
26 111
12 163
10 94
28 43
32 14
53 24
92 40
63 40
17 126
14 73
32 157
20 194
27 113
19 109
50 78
28 90
24 164
6 107
55 84
12 48
17 191
10 81
42 26
10 13
21 54
27 72
33 82
5 139
