10 149
15 102
43 22
14 106
37 29
34 71
57 64
1 180
55 36
17 2
26 58
18 37
31 45
5 99
68 29
32 28
5 22
5 13
6 22
18 170
83 29
13 8
18 157
81 48
18 127
52 56
13 171
2 78
69 24
45 62
4 25
9 46
8 56
2 107
10 187
31 98
23 30
95 47
98 17
6 48
40 81
28 146
21 179
19 194
13 114
49 84
39 54
12 95
62 8
56 32
2 19
37 146
47 65
35 121
45 35
18 164
62 63
78 20
93 1
3 78
27 74
19 71
46 62
67 48
20 6
35 82
8 128
3 41
18 177
41 74
87 24
9 34
27 186
21 7
34 86
20 14
77 16
78 73
67 51
71 67
19 68
82 33
22 40
20 78
29 39
7 12
24 85
41 33
2 121
9 171
75 26
85 68
23 130
9 170
27 180
8 106
20 193
7 198
14 3
84 26
19 10
20 199
50 36
2 193
67 5
19 156
83 71
41 142
25 147
27 66
15 62
64 50
20 192
4 80
4 65
19 102
30 61
40 104
82 39
2 47
40 79
1 62
5 11
12 190
67 24
17 1
12 157
28 138
57 45
39 90
6 9
6 105
44 64
51 34
6 122
33 102
24 83
27 15
29 22
92 14
35 5
75 3
19 100
9 9
50 60
79 33
27 33
81 48
11 141
53 22
24 120
50 23
18 127
44 130
20 99
34 50
65 71
23 197
36 68
37 23
13 127
77 28
70 47
13 63
3 169
1 170
40 8
36 23
51 76
9 172
19 102
3 32
37 41
59 2
18 43
20 6
99 2
10 24
34 14
92 52
42 111
10 200
86 57
62 34
13 114
15 41
19 121
3 199
9 39
93 43
20 191
19 192
44 99
42 81
47 9
56 5
49 15
17 86
35 44
8 19
