67 52
34 49
13 31
17 133
37 90
48 30
22 30
12 2
33 62
3 73
83 5
24 71
98 50
78 4
9 18
74 68
10 67
25 57
2 188
3 159
9 157
30 40
37 21
15 164
22 195
24 92
36 49
20 53
93 19
85 11
12 182
6 56
36 6
29 46
7 190
15 9
32 111
16 21
9 82
17 117
31 48
28 34
29 192
7 44
11 156
2 20
45 76
2 24
61 42
60 50
1 66
25 114
1 56
81 49
8 73
41 25
83 51
39 15
29 23
26 137
37 63
44 12
67 30
23 5
16 173
76 11
37 85
30 130
60 7
14 65
74 4
26 178
17 85
25 106
73 30
16 172
55 31
82 19
28 48
60 65
19 136
2 136
47 123
23 66
26 136
72 9
30 24
27 94
31 82
20 126
26 59
57 34
90 12
9 85
13 126
13 155
17 12
76 40
41 90
17 125
24 15
34 76
17 32
11 23
23 178
24 182
40 31
28 47
61 40
2 47
30 126
1 29
20 197
15 106
16 65
15 133
43 7
42 121
15 124
79 19
29 112
8 45
21 180
19 48
92 55
43 10
92 40
13 169
38 72
97 42
14 147
8 72
47 99
6 44
10 18
13 100
63 2
48 30
46 78
20 93
24 147
29 47
7 117
67 56
7 10
37 75
43 99
13 119
68 48
38 48
5 171
42 41
43 8
85 3
87 37
3 184
43 125
31 52
12 63
26 25
19 183
84 33
32 149
19 13
17 59
27 18
14 95
11 159
21 7
12 76
36 44
3 64
63 79
3 184
34 34
17 189
57 44
11 27
16 185
46 13
2 142
2 15
10 22
15 10
81 1
18 167
5 46
12 186
2 27
19 53
32 65
27 70
56 100
54 60
87 61
30 104
51 64
9 137
33 82
62 77
