23 89
43 35
26 41
19 77
6 38
40 95
75 19
13 27
20 6
30 3
17 90
23 77
13 185
31 125
56 37
45 37
16 84
10 29
43 41
98 9
19 130
36 34
17 14
42 13
49 58
10 52
79 59
87 25
18 82
7 57
37 18
12 161
12 151
34 43
23 33
86 45
71 24
77 6
45 69
42 33
16 100
85 7
3 128
5 25
11 72
8 26
53 85
61 25
33 81
34 10
52 111
16 17
63 39
11 47
33 35
75 28
35 88
63 45
2 13
38 9
54 19
63 39
1 164
47 80
9 144
18 162
62 53
28 109
3 176
15 70
40 2
31 43
2 106
35 49
38 54
52 98
15 61
57 22
94 35
68 26
25 141
37 80
5 44
40 66
96 23
30 118
12 184
13 136
40 72
54 13
38 11
67 53
34 31
18 15
69 15
30 109
38 74
18 3
42 53
22 134
76 30
42 54
60 99
38 43
20 39
90 20
61 84
63 20
68 69
36 134
88 64
37 50
8 198
23 60
26 86
48 36
4 146
53 45
8 149
86 19
20 55
63 14
16 135
52 42
29 90
16 42
59 25
3 159
52 41
53 76
81 15
21 12
79 34
38 49
21 6
24 165
66 70
11 86
44 19
43 7
37 140
13 8
2 30
12 65
17 84
27 30
60 57
29 4
10 59
5 176
74 24
43 58
91 19
12 38
65 62
17 51
23 180
43 74
14 136
8 25
31 42
69 12
25 88
9 5
76 21
9 144
18 95
51 78
68 47
33 49
30 179
95 5
90 4
19 59
56 12
11 178
25 123
4 6
48 18
45 81
6 75
37 130
62 17
15 26
21 73
81 73
53 104
29 121
21 154
15 156
6 158
75 66
40 71
16 139
99 25
11 17
55 52
24 38
46 66
64 85
