6 110
53 26
22 110
52 38
38 7
75 28
9 26
16 168
28 70
71 58
12 134
29 72
23 113
19 2
70 26
6 160
32 20
73 47
5 166
28 114
32 127
56 94
61 51
19 13
85 20
11 78
97 14
29 141
90 37
51 72
14 178
24 184
18 190
17 71
33 46
19 14
7 66
22 2
74 51
38 17
34 100
11 36
24 31
16 127
47 41
55 100
80 75
49 54
15 163
20 162
79 2
15 74
54 30
20 9
96 7
78 41
18 13
28 103
37 60
40 101
26 72
8 190
18 70
7 107
90 9
13 130
17 27
11 110
45 46
99 7
66 33
2 193
14 172
19 41
54 78
24 82
21 114
7 198
46 85
34 124
53 59
19 42
2 84
56 25
47 50
7 151
16 200
48 26
16 7
3 40
97 35
38 74
12 129
28 96
63 28
86 24
39 58
37 75
27 12
33 104
84 18
53 14
36 110
79 54
16 16
34 14
21 36
52 90
24 21
80 40
41 44
3 69
12 165
62 62
28 97
35 81
19 14
11 113
97 1
57 20
50 80
17 12
43 105
69 18
4 143
51 26
7 42
50 13
10 111
18 24
11 17
8 142
27 53
21 108
28 7
16 185
41 53
41 79
14 70
7 163
21 172
12 7
35 133
13 37
42 38
57 79
36 152
35 83
74 19
18 80
2 175
4 129
20 170
9 103
40 83
4 146
12 144
61 71
76 48
80 24
69 48
74 33
15 84
21 11
27 159
94 20
84 41
47 12
27 35
39 23
91 10
13 70
53 28
14 117
39 63
88 5
53 54
29 41
7 34
39 78
63 3
29 59
89 38
61 9
31 41
3 144
50 27
8 137
5 128
16 150
45 52
18 78
62 95
5 114
1 189
27 9
41 39
88 19
18 105
52 102
