72 28
2 156
48 30
2 115
25 25
37 140
38 131
4 171
30 173
51 107
34 79
29 16
51 10
30 117
2 157
63 56
11 124
10 25
80 6
24 93
20 73
29 87
25 55
68 37
12 13
23 25
60 87
25 196
54 53
46 60
31 63
79 11
8 165
18 33
49 7
9 30
54 60
14 1
50 63
10 3
64 60
5 86
34 54
18 140
55 35
62 31
5 61
55 53
64 18
28 134
69 13
48 2
26 38
35 53
44 69
24 46
32 100
9 129
15 34
34 23
34 35
20 36
7 77
9 185
8 12
33 86
27 121
4 100
17 30
91 25
56 36
50 101
6 122
30 121
91 20
96 52
21 61
65 5
7 112
33 40
4 48
36 125
21 131
33 87
80 12
26 178
74 47
30 97
59 40
2 200
28 75
3 139
2 60
13 65
63 4
72 13
8 113
28 115
22 179
11 44
63 15
7 101
88 20
79 22
39 55
1 164
6 190
20 130
62 75
37 55
14 23
51 21
45 59
96 53
69 66
43 65
7 61
45 28
3 96
55 41
11 9
9 190
12 12
28 53
6 136
79 39
99 49
34 78
86 7
50 103
21 125
26 114
10 176
27 158
11 171
11 88
19 159
14 86
39 5
81 21
16 3
53 14
55 57
94 55
63 77
50 42
2 13
48 18
69 18
82 41
22 76
3 70
45 45
69 46
1 22
8 25
3 67
22 121
22 117
71 25
60 24
28 89
2 172
6 136
19 40
87 37
26 24
31 94
38 27
60 17
80 40
13 96
18 66
3 160
20 188
35 91
8 27
15 136
23 38
97 18
43 37
1 40
16 64
79 61
11 27
67 65
11 62
10 122
18 82
52 45
49 55
84 3
23 116
84 7
15 72
43 76
17 1
69 23
13 185
100 2
