13 122
40 55
73 3
23 50
7 29
24 4
68 31
18 71
49 75
13 106
12 151
7 66
35 32
77 1
34 97
99 13
87 29
36 47
28 127
13 175
29 80
61 76
43 111
37 139
28 36
2 46
50 118
67 29
49 72
89 46
32 107
53 52
95 14
21 124
28 14
58 68
13 187
6 68
23 55
98 14
66 14
9 114
38 92
54 44
8 23
41 18
35 15
1 31
49 14
17 72
17 42
13 16
23 162
63 20
2 129
2 91
20 135
27 175
21 34
24 16
3 182
28 65
12 137
27 112
24 70
47 77
61 28
76 45
13 139
4 71
10 141
23 20
32 99
91 39
63 28
98 30
36 27
1 122
29 194
87 7
70 80
13 197
86 1
17 11
9 200
16 9
39 67
67 20
71 33
90 3
65 33
61 3
74 79
90 16
5 92
8 141
10 43
42 28
35 110
35 114
6 153
17 103
2 161
20 193
2 49
43 4
29 35
26 158
76 73
2 111
18 23
16 128
6 102
20 51
9 177
93 39
7 63
11 18
45 125
9 20
100 30
54 9
48 91
69 41
78 4
28 95
59 59
13 68
8 12
55 78
55 78
49 19
97 18
18 2
79 21
70 56
22 152
56 85
43 56
13 27
71 18
26 47
15 59
3 57
6 123
25 57
12 39
65 40
69 39
38 83
95 19
91 28
4 163
19 164
40 32
12 178
10 40
3 60
28 55
7 79
72 45
18 131
98 54
54 34
30 68
2 120
33 35
15 102
73 9
61 43
98 24
11 11
3 63
35 165
24 89
74 76
22 174
91 9
100 1
67 31
56 82
54 8
72 10
39 3
74 3
93 18
37 34
22 94
32 103
2 28
5 71
5 21
48 60
3 195
18 192
59 49
22 124
1 82
94 10
5 97
