18 186
16 71
12 161
75 8
40 35
12 79
46 79
11 41
52 67
5 193
20 31
77 15
30 114
60 100
79 11
7 44
77 64
2 176
52 75
21 91
42 63
18 121
20 3
26 106
50 21
83 64
28 25
89 35
17 101
13 126
8 129
11 25
32 71
19 116
2 98
13 6
6 30
71 6
17 126
59 63
46 77
75 1
31 188
10 26
9 133
3 182
58 28
19 73
10 61
54 32
26 35
48 113
14 69
39 62
15 151
1 68
81 36
6 138
84 70
11 92
85 2
47 34
20 138
93 3
31 47
11 197
14 15
38 62
6 88
85 12
12 16
17 110
38 64
45 45
27 122
11 139
50 4
76 15
23 42
18 20
99 3
53 62
27 65
100 19
6 198
97 20
35 116
41 32
49 32
22 94
19 17
20 47
48 18
13 64
29 22
22 169
27 40
82 40
97 39
2 95
59 18
24 123
100 32
21 46
12 101
8 1
45 69
32 14
41 86
11 61
17 105
77 6
34 56
10 199
85 32
24 48
65 88
23 50
81 38
3 44
8 82
74 59
25 66
37 122
16 156
86 43
2 131
18 63
37 70
71 41
12 2
64 7
2 158
30 77
39 52
22 133
7 101
49 2
37 104
52 59
93 11
77 77
2 101
54 34
2 147
14 18
17 109
33 2
39 3
27 183
43 138
23 193
51 4
19 33
15 125
19 137
47 87
19 39
8 109
42 57
33 130
6 125
3 37
51 74
68 4
73 17
26 115
23 127
15 5
5 81
29 136
36 84
82 63
27 57
38 57
61 56
31 78
2 26
6 67
11 41
3 174
4 189
57 45
26 160
28 73
99 54
75 14
42 75
27 57
7 58
58 50
36 117
78 32
19 154
28 41
41 85
11 92
1 107
9 121
79 16
