66 7
89 2
39 10
12 83
19 144
75 34
100 51
42 12
4 74
10 131
8 28
75 3
62 31
18 67
46 42
51 83
82 57
24 41
11 162
27 133
38 104
29 153
66 25
26 27
54 29
18 99
21 95
89 36
68 66
18 68
80 54
30 173
11 81
85 23
59 64
49 80
87 4
20 43
40 89
11 67
14 11
75 15
38 46
83 1
7 200
60 64
17 11
93 51
75 21
43 96
18 21
1 180
10 76
38 19
4 36
50 69
7 69
23 63
96 7
3 182
74 44
73 74
45 24
40 32
35 97
14 90
11 5
19 76
61 54
47 32
40 57
28 90
1 46
18 49
4 39
19 151
16 137
26 94
35 72
1 118
95 4
24 92
54 72
35 32
19 111
49 51
30 153
6 21
16 77
21 96
18 116
3 141
12 98
24 182
80 36
71 27
45 72
80 44
54 32
1 179
59 2
17 143
96 10
92 3
18 180
66 16
38 46
69 51
54 18
77 62
20 57
72 25
16 109
57 72
52 11
38 10
11 45
27 105
26 52
29 175
24 10
75 34
25 132
14 90
38 88
29 128
44 84
16 32
49 29
1 64
8 160
13 174
60 51
18 198
13 124
21 27
20 66
18 83
52 82
12 150
51 44
37 31
93 2
36 146
1 85
4 79
20 100
25 42
9 82
80 48
34 57
21 111
69 21
1 4
22 50
41 100
19 155
36 87
20 97
10 7
15 46
83 29
58 52
52 30
15 51
6 46
76 29
26 62
30 19
82 63
7 74
9 54
1 162
4 68
20 168
60 36
20 165
71 44
42 18
25 150
8 148
37 98
14 178
22 44
40 50
4 116
81 17
57 102
18 51
94 28
27 17
77 35
4 35
69 1
32 12
16 70
67 12
45 65
9 135
44 89
