23 100
64 21
53 57
12 144
6 168
78 26
7 53
29 133
13 175
46 50
55 9
6 100
6 146
66 53
27 18
65 25
34 128
42 40
44 89
10 74
16 143
24 15
6 134
61 20
98 24
2 62
18 64
10 105
34 15
18 26
63 13
48 118
15 155
29 88
23 9
10 188
48 10
18 191
13 96
45 62
77 62
63 39
17 142
15 86
7 31
41 71
42 101
39 63
48 52
20 4
17 90
81 9
13 72
87 38
60 52
23 50
34 41
48 39
7 168
30 19
10 83
100 3
24 12
46 125
81 2
10 30
53 1
43 127
29 154
80 59
46 103
6 196
46 40
74 77
62 57
40 89
3 69
5 150
11 73
35 105
29 1
45 63
92 41
11 27
56 41
77 11
62 20
81 69
27 55
13 159
14 21
21 51
4 101
55 21
13 198
60 61
16 128
77 30
10 38
11 52
37 142
7 16
4 93
69 27
67 40
40 97
90 10
8 185
30 77
20 106
7 117
2 138
7 71
16 159
9 137
97 10
36 114
68 83
29 55
22 49
16 195
100 40
34 49
43 34
5 94
48 97
30 103
80 2
39 98
36 43
7 22
23 58
37 100
83 4
68 23
2 71
28 9
67 42
11 56
71 46
11 121
82 6
6 4
9 187
61 22
9 157
5 188
8 122
6 51
17 151
8 93
86 3
94 8
36 5
29 68
20 99
6 2
17 191
20 33
23 110
13 153
89 42
32 185
34 116
29 90
88 4
2 120
64 21
5 182
74 54
70 18
3 48
17 13
85 64
63 1
44 28
22 100
2 107
19 132
19 80
29 97
37 88
39 102
78 76
11 61
86 28
91 36
16 142
44 80
44 108
17 74
42 106
34 27
9 110
34 36
9 157
3 17
2 14
10 172
10 162
