3 47
60 54
12 48
18 152
5 115
45 61
28 15
28 117
23 19
17 107
56 70
53 21
10 83
36 56
36 122
24 141
4 164
16 106
24 140
16 126
77 41
26 89
4 132
22 60
50 31
51 42
43 44
32 150
66 29
97 44
45 124
18 88
62 55
1 102
46 9
40 31
89 31
86 41
5 161
42 111
39 80
66 45
68 26
19 77
69 67
29 31
21 32
22 159
21 176
11 63
1 54
48 75
29 51
3 174
6 10
9 136
1 180
7 139
36 37
71 1
62 10
63 26
13 34
17 85
100 34
1 196
49 24
3 77
16 113
8 121
72 22
16 22
81 26
94 18
53 43
35 118
56 70
1 53
28 58
35 157
35 57
22 18
12 59
12 51
18 17
49 18
87 43
63 16
54 100
43 81
89 33
91 5
53 50
43 98
22 76
16 62
25 66
70 24
41 44
26 41
25 82
30 43
28 191
8 65
25 149
44 80
26 113
30 104
12 50
82 69
44 67
15 50
25 62
23 49
25 33
31 96
14 138
3 184
46 56
7 165
70 50
28 16
5 146
14 123
77 17
28 65
76 68
33 49
15 80
14 8
5 18
35 114
82 31
62 84
23 67
18 49
13 82
20 167
72 69
33 51
20 47
48 48
51 67
68 29
9 107
39 38
78 7
19 36
64 10
12 77
16 52
36 80
22 77
12 163
68 24
12 2
37 48
10 199
36 40
44 2
8 151
15 195
20 147
35 60
42 122
89 16
45 26
28 199
45 116
17 185
45 67
20 182
2 152
41 85
46 69
59 86
14 20
21 14
84 28
14 84
44 82
48 37
41 16
81 8
67 20
78 31
15 111
28 79
81 30
12 190
29 23
64 58
2 9
22 186
11 108
31 66
24 74
52 71
11 25
3 149
