56 5
7 5
1 116
2 97
95 62
48 13
45 7
50 70
13 54
2 93
27 133
43 67
48 26
44 66
53 77
1 124
56 105
92 42
71 51
2 30
31 19
21 93
1 178
9 187
52 2
63 45
100 60
20 117
25 9
35 20
1 170
36 163
58 39
50 96
10 196
32 115
97 11
8 130
2 118
1 128
34 71
5 5
31 13
81 25
61 33
58 18
28 48
66 51
43 19
40 6
64 22
3 48
9 24
3 9
93 16
66 64
47 43
8 62
41 70
1 121
8 32
84 36
41 12
24 182
8 78
19 135
29 78
65 48
87 1
4 195
25 3
41 106
33 117
7 14
22 50
1 54
3 138
31 126
8 85
50 51
29 4
52 39
10 33
8 18
90 13
56 21
78 39
25 187
45 10
60 11
2 157
26 11
46 4
46 58
6 144
22 179
27 21
52 56
17 48
31 9
21 89
61 68
5 32
55 34
45 11
88 2
37 83
62 42
84 23
90 28
31 105
19 25
41 53
33 163
1 51
38 100
3 53
14 140
33 174
71 4
18 67
69 58
2 66
77 35
93 40
90 10
5 195
74 11
96 12
59 51
3 41
16 73
30 124
3 69
5 72
43 72
17 53
23 156
13 70
18 164
15 92
1 120
71 48
60 31
51 10
29 42
10 21
63 68
86 44
35 61
34 37
33 70
68 21
21 51
6 55
22 74
65 18
50 90
22 123
76 51
6 167
21 187
42 98
94 25
16 22
16 62
47 39
52 36
16 57
24 86
1 63
12 168
19 116
76 11
31 129
21 163
64 51
29 12
28 38
10 45
14 130
39 87
26 146
49 37
21 38
30 148
1 6
40 123
31 70
54 38
3 85
22 15
30 26
4 142
2 62
18 12
26 136
30 136
81 17
8 83
