69 48
10 119
32 144
14 47
70 56
97 21
18 90
79 35
47 64
17 48
22 137
50 40
84 15
27 9
74 27
51 99
4 179
46 42
4 197
83 21
47 38
45 45
58 62
11 106
29 44
24 155
42 117
11 15
17 19
43 61
52 37
45 31
92 4
77 29
14 42
57 19
30 127
8 32
21 35
66 74
15 101
68 86
46 13
42 9
70 79
18 169
1 180
3 77
8 50
2 180
41 43
2 187
85 22
2 17
40 36
15 29
10 63
13 41
62 60
37 89
69 31
49 40
44 39
25 55
49 74
4 126
87 48
95 14
1 93
22 32
37 108
54 20
31 10
17 162
34 61
31 48
69 4
35 113
26 92
29 165
33 180
26 132
60 55
47 59
31 120
12 16
9 95
17 103
45 126
25 148
5 127
26 51
7 57
58 68
29 9
62 91
96 27
19 42
13 191
7 96
28 20
22 144
86 54
97 8
23 171
96 22
96 21
54 52
49 18
59 66
23 9
57 19
54 49
34 87
20 165
4 122
99 15
8 197
12 147
63 26
42 20
10 53
7 158
31 1
45 16
55 8
46 10
3 70
60 57
3 107
21 93
28 177
25 148
59 86
23 1
66 11
31 43
53 10
59 17
71 18
2 178
53 79
77 29
92 29
54 31
56 73
35 56
37 7
53 11
16 96
27 173
28 56
75 4
22 27
49 68
14 28
30 127
29 37
5 84
51 38
17 34
7 141
7 96
79 12
16 178
18 123
24 180
15 133
5 73
36 109
34 62
23 109
34 86
7 146
42 29
88 13
57 68
3 187
12 18
81 27
27 53
89 46
54 58
38 25
19 172
40 59
14 76
90 44
17 50
5 164
89 30
21 75
27 88
44 2
50 28
22 49
16 7
15 146
66 80
86 19
