28 8
62 22
23 200
26 108
7 37
2 81
2 44
7 135
65 74
83 11
27 23
23 149
13 50
97 57
15 116
27 89
66 64
57 48
18 26
40 5
53 23
78 51
46 102
91 22
6 72
99 35
73 3
31 151
99 11
1 42
22 3
19 148
26 50
4 104
24 157
33 15
28 52
7 128
34 115
45 53
41 29
19 2
2 177
44 44
82 6
58 17
80 8
7 165
15 157
41 140
17 79
24 195
29 6
36 119
37 32
35 18
65 58
12 89
2 113
35 155
2 46
26 72
21 71
5 83
11 27
15 28
35 58
18 70
22 101
10 23
12 6
45 130
46 81
44 92
42 38
41 118
22 114
69 47
4 114
66 48
53 50
91 55
3 122
38 22
41 80
6 74
29 32
11 5
6 78
75 9
7 126
73 10
40 100
19 36
8 130
33 178
21 122
62 24
78 37
88 7
39 89
18 39
70 7
28 7
14 181
12 172
44 75
11 42
76 43
25 154
14 174
29 50
20 153
82 44
47 51
32 60
35 114
14 107
8 90
27 3
30 4
10 3
47 31
1 68
13 156
8 125
42 18
7 159
11 106
55 46
53 15
75 13
72 35
33 50
21 168
6 175
17 67
11 172
24 88
4 2
23 134
28 164
64 91
16 43
34 106
28 85
50 12
4 79
2 125
4 41
23 164
49 75
4 98
25 105
13 63
48 33
43 86
63 30
2 107
50 66
69 14
7 57
95 36
18 153
23 127
29 47
1 40
83 49
17 92
6 84
19 87
64 39
2 165
26 12
59 16
38 75
43 110
1 187
11 120
61 6
1 111
55 54
47 24
75 63
44 51
7 78
92 36
90 41
46 18
4 44
14 188
27 120
7 67
43 30
28 57
14 129
13 50
35 83
15 39
38 30
