82 43
62 46
88 65
32 92
84 16
60 22
74 40
54 105
2 21
11 30
38 9
61 1
90 27
39 12
100 21
58 10
5 166
49 53
35 46
20 173
64 36
91 39
22 56
19 96
39 97
26 45
46 43
66 48
15 154
2 31
36 50
1 151
91 7
17 77
10 137
23 24
2 182
43 7
27 55
43 80
16 98
46 29
16 80
32 62
63 46
6 142
3 77
32 51
4 73
9 37
1 51
11 155
12 135
56 5
65 1
23 171
30 92
99 45
42 140
9 105
6 86
43 85
90 9
31 113
5 86
10 132
78 36
17 74
23 152
8 127
20 54
55 50
8 172
43 89
19 138
10 126
3 188
15 58
18 166
14 131
64 63
80 41
15 155
17 100
71 64
38 138
35 41
56 29
69 21
33 4
74 33
8 43
6 67
24 106
8 113
3 185
41 34
14 167
97 15
33 121
73 14
58 58
56 7
41 53
59 86
10 19
4 153
50 66
9 153
48 66
41 18
63 15
6 78
51 58
36 77
50 28
18 74
73 27
3 116
12 186
21 118
25 97
31 41
48 52
2 45
24 80
13 79
29 102
26 48
26 105
60 10
10 164
14 141
76 38
20 145
17 7
2 3
29 150
28 55
73 30
10 172
24 182
58 34
9 44
41 3
33 54
84 57
19 75
5 100
1 116
82 1
89 36
5 84
56 7
30 16
91 12
49 113
3 119
80 17
14 19
29 200
16 25
9 39
50 33
39 152
15 87
17 197
95 30
21 185
9 148
28 194
57 67
53 49
1 18
5 38
30 70
52 15
93 58
1 90
65 36
39 74
69 13
61 20
52 103
32 136
22 159
4 97
70 43
12 33
15 120
38 50
38 82
14 190
30 146
1 94
36 127
92 17
88 6
55 6
26 122
