25 40
9 30
9 151
25 82
51 80
2 101
47 84
84 5
29 121
17 51
38 56
12 80
23 184
52 4
11 114
22 149
59 39
61 62
15 17
22 173
3 33
35 53
21 159
12 175
90 22
73 43
27 14
4 57
25 129
15 114
84 17
25 25
39 68
99 10
73 3
55 27
33 18
33 57
14 176
58 23
83 58
72 45
4 46
9 73
3 96
31 82
29 60
93 4
3 147
34 97
42 38
10 164
30 58
49 4
25 46
36 91
45 8
21 45
21 135
12 171
10 83
26 120
34 19
52 97
5 136
20 48
83 24
50 20
59 81
21 191
49 57
99 51
16 167
4 153
34 28
14 176
27 40
22 51
22 80
60 50
20 130
14 70
26 80
40 66
31 162
83 2
3 75
4 188
27 137
5 177
1 15
18 2
75 22
8 153
21 21
94 38
13 96
56 19
52 59
15 4
47 127
45 6
8 121
67 46
36 40
35 59
39 60
77 14
46 66
29 12
34 50
64 6
91 39
3 9
66 50
18 4
81 49
22 95
30 27
72 1
54 42
22 12
37 11
4 7
73 49
20 168
1 127
23 168
23 58
39 120
3 70
63 52
15 186
5 124
81 22
71 79
74 39
55 26
21 43
56 18
18 133
18 74
99 53
1 4
18 117
50 30
31 120
18 19
39 105
14 44
28 130
17 120
80 3
18 114
57 94
13 92
48 40
68 15
24 32
61 53
32 131
74 3
4 93
74 1
2 52
3 92
26 171
16 78
5 72
67 23
4 188
3 178
20 38
4 6
38 64
12 194
60 82
83 36
3 73
55 29
11 137
16 150
47 23
94 49
6 27
75 44
43 25
79 15
52 62
61 10
32 41
19 99
13 86
24 169
4 140
4 185
16 46
51 110
49 24
20 115
