96 44
11 86
34 125
10 17
75 50
25 2
48 69
30 5
1 154
45 117
43 4
24 160
66 27
51 65
23 41
40 49
69 51
4 112
19 98
10 169
11 33
66 18
42 52
21 46
71 12
30 188
8 65
45 24
39 32
12 130
72 20
35 83
56 66
71 43
25 135
14 118
5 111
21 127
56 98
11 106
39 81
10 79
52 97
78 36
28 92
44 10
88 45
72 29
61 49
90 4
12 194
74 57
16 51
72 14
89 15
52 36
86 27
7 199
32 4
36 99
42 124
27 40
8 85
58 26
6 27
48 41
71 20
6 65
25 17
2 100
25 110
25 97
2 57
9 80
43 2
20 63
39 84
5 92
64 89
53 63
5 182
73 58
11 115
27 97
4 46
20 134
8 108
27 57
46 64
11 186
10 95
31 109
77 8
22 5
22 191
49 31
66 18
17 106
52 46
20 8
85 15
14 98
33 26
20 95
64 84
45 62
44 82
12 65
25 7
28 60
42 23
14 78
2 132
46 37
73 15
77 26
7 190
80 49
12 200
31 81
30 40
48 118
50 73
38 67
44 81
32 120
24 78
7 162
2 63
54 47
33 40
13 123
9 139
7 92
5 130
54 25
1 103
65 46
11 102
3 97
12 153
34 93
16 72
22 56
47 19
65 10
34 87
3 194
11 198
51 63
5 44
49 112
9 175
17 3
74 73
4 40
12 177
27 64
73 2
31 87
13 59
19 142
9 10
58 31
3 109
12 176
12 154
1 155
29 32
12 55
29 132
50 94
6 80
22 70
19 79
14 35
15 167
4 116
76 61
91 34
16 40
87 67
55 107
7 145
38 53
16 90
32 64
58 18
77 29
11 114
37 66
34 107
7 198
16 111
87 15
8 149
22 166
20 35
82 40
48 86
