36 56
14 134
68 34
55 6
22 156
8 148
31 32
35 36
46 46
42 5
25 182
31 40
11 99
5 74
42 51
40 15
8 165
73 54
16 142
94 20
33 28
22 5
14 109
1 152
34 86
15 100
20 50
100 24
23 48
12 51
10 153
36 27
13 95
13 29
21 27
3 98
9 16
27 2
70 74
34 127
8 10
66 55
61 15
10 49
81 17
20 127
11 116
3 81
63 47
14 49
76 65
2 91
55 34
25 189
33 132
56 65
2 2
41 96
14 36
42 83
19 54
64 15
65 69
36 72
22 124
23 24
8 1
4 63
1 67
48 44
25 153
29 112
42 28
54 70
48 1
12 164
19 70
17 149
11 150
6 155
5 143
89 24
21 165
13 75
44 8
16 35
54 89
61 64
7 123
41 8
37 140
45 98
35 15
39 113
18 12
2 57
25 44
42 50
32 16
99 13
30 43
18 158
53 58
47 82
3 165
7 175
19 158
23 38
4 52
13 89
27 193
52 34
71 3
61 55
21 104
62 20
36 8
58 39
20 43
23 25
58 24
28 37
76 42
19 21
40 48
43 65
31 76
15 1
20 168
64 15
11 53
72 26
34 85
48 30
46 79
92 32
77 19
23 115
22 132
66 23
67 12
28 75
8 144
5 48
47 10
29 30
90 3
4 138
30 187
38 59
4 89
8 106
21 159
29 159
75 10
46 35
18 92
29 69
7 90
28 105
8 68
8 40
61 20
11 130
20 115
55 9
100 29
73 41
73 39
12 44
35 30
19 190
89 11
36 90
6 61
48 86
2 12
8 31
77 52
50 91
35 161
73 71
34 137
42 37
22 100
13 193
9 123
31 77
5 49
26 48
19 66
20 35
6 177
4 158
89 36
43 64
29 127
6 95
22 106
10 58
