40 17
22 42
34 24
53 105
3 86
38 19
30 184
24 137
20 108
22 6
28 26
9 145
12 69
18 19
11 129
39 9
3 148
65 50
27 140
1 189
45 127
20 101
52 47
13 32
88 13
39 64
21 88
25 30
18 193
2 192
9 118
99 8
40 98
31 141
36 7
26 49
55 24
5 39
48 3
35 95
64 67
70 31
40 36
5 143
48 84
98 12
16 25
43 64
16 98
26 52
22 36
24 2
91 40
92 36
48 25
21 6
2 17
81 12
65 58
87 27
84 3
12 110
36 109
10 30
13 38
23 156
27 97
46 42
41 62
68 38
5 116
35 10
26 84
10 175
49 18
32 26
43 81
88 28
10 133
82 70
54 77
52 29
52 91
86 23
6 80
18 144
41 35
3 65
17 137
54 110
79 29
45 28
8 37
14 6
5 70
9 165
7 129
9 83
45 33
18 78
14 167
6 66
8 194
38 51
11 101
51 62
34 112
40 84
46 95
26 198
7 53
64 16
8 122
25 3
44 45
1 167
61 40
94 41
5 146
2 106
13 82
74 68
11 37
20 64
52 89
3 164
29 51
15 176
23 132
10 163
14 69
17 48
30 64
29 53
81 21
12 20
91 47
35 42
23 64
24 26
16 115
27 145
7 89
40 100
7 36
37 86
1 107
64 38
30 102
70 23
76 49
18 29
32 55
34 106
7 97
44 69
25 68
76 33
45 95
19 38
76 16
11 123
38 9
70 78
37 154
5 76
24 75
22 106
39 81
2 67
43 86
38 81
18 165
84 8
10 6
11 135
34 113
1 146
25 141
5 39
45 71
43 80
20 153
95 11
24 113
46 12
35 125
4 191
25 89
5 70
14 169
30 43
31 105
12 152
33 13
27 147
20 179
53 106
14 110
52 24
