4 117
35 49
6 173
28 40
18 148
29 82
54 44
13 107
52 17
10 52
97 50
9 90
60 52
86 7
29 109
93 64
45 19
14 157
14 122
29 157
50 25
28 186
83 21
63 17
36 71
18 176
53 68
23 92
9 148
5 42
22 31
16 102
22 74
75 6
31 142
51 73
45 65
73 17
26 158
74 20
25 67
25 9
16 158
30 103
44 45
1 56
26 129
8 90
20 16
16 37
20 6
6 65
54 11
23 94
27 49
40 6
2 134
13 167
54 2
6 101
90 6
6 26
39 26
32 26
65 15
6 117
34 104
59 38
85 4
14 122
72 20
29 24
7 72
54 16
43 69
83 3
70 4
6 72
77 47
11 178
39 90
61 5
31 129
22 13
5 165
28 6
20 186
3 87
21 55
97 53
27 49
87 5
94 31
24 95
12 15
36 41
23 93
84 21
68 19
22 176
1 25
12 21
87 64
38 97
18 16
11 177
5 57
8 164
47 61
72 17
27 63
9 109
37 102
34 21
61 82
52 34
10 194
56 86
54 54
8 187
19 196
17 50
89 38
61 36
31 75
69 5
83 24
31 148
66 30
35 41
18 37
9 151
7 140
74 31
55 61
90 14
63 12
75 50
26 27
53 54
87 7
12 193
23 153
34 91
17 176
6 44
13 58
62 21
20 53
55 6
38 123
81 14
46 86
7 16
86 43
13 40
57 57
6 105
35 156
100 51
24 57
34 136
36 37
6 171
7 82
61 8
75 62
89 28
17 83
3 19
11 147
8 67
66 44
90 24
20 37
46 62
52 15
51 66
46 130
40 20
30 15
41 31
25 90
81 24
56 47
29 96
1 9
16 188
51 113
29 37
11 57
43 51
15 36
75 61
24 90
100 47
12 41
31 106
18 138
36 21
