11 127
27 56
10 199
56 82
30 51
74 52
81 44
65 30
12 97
6 57
27 132
21 114
6 23
47 26
83 51
28 66
63 54
3 55
46 35
10 102
58 10
48 80
83 20
93 22
21 22
25 71
17 142
63 36
44 51
22 159
21 59
8 71
48 29
28 133
15 143
14 144
29 121
19 5
11 141
84 34
7 109
18 96
62 4
71 2
7 116
14 175
18 49
7 127
58 30
20 94
22 97
13 151
35 53
72 3
17 114
24 93
29 124
35 108
46 22
3 101
1 102
27 99
61 62
73 64
15 25
24 146
15 164
63 64
76 1
64 64
15 73
12 22
53 33
14 90
5 199
23 15
6 149
7 144
53 14
1 58
70 60
45 4
34 133
3 90
71 83
36 42
6 7
92 21
74 62
15 121
31 55
35 15
14 176
19 52
37 3
42 134
40 15
5 46
94 16
20 161
10 88
57 84
93 62
79 44
81 29
68 21
6 41
91 19
21 37
20 115
16 59
48 80
50 102
15 11
3 6
10 22
92 12
1 115
2 192
31 11
44 54
2 153
76 58
72 17
40 3
57 18
10 175
74 65
40 98
77 20
62 31
45 32
49 45
5 6
24 8
1 117
45 86
28 195
47 69
45 65
11 58
22 32
16 157
4 148
35 49
6 3
12 152
32 75
16 76
36 116
23 65
16 45
26 72
17 184
43 55
86 60
22 48
96 16
5 28
13 92
94 27
72 47
24 125
17 190
6 178
52 45
54 31
11 66
16 63
8 194
46 12
2 185
49 80
79 39
14 184
74 52
32 117
90 16
28 119
55 46
46 61
83 5
43 99
9 65
49 37
26 49
28 13
72 7
21 115
17 76
24 64
22 51
85 62
12 122
42 9
21 107
26 136
79 35
21 179
23 163
