39 31
26 5
76 7
52 17
33 86
28 116
45 44
34 104
14 33
36 21
74 33
43 69
62 4
21 43
94 21
13 122
15 164
2 33
88 19
3 149
6 41
37 83
64 43
40 42
21 109
70 68
21 8
66 20
5 30
2 60
19 15
98 43
92 15
9 65
4 9
88 24
30 17
95 42
8 112
26 94
40 23
23 125
30 132
43 52
36 35
48 106
65 33
22 62
75 58
65 36
36 96
36 24
15 43
45 78
35 92
30 13
6 95
42 77
2 61
73 77
7 110
19 83
1 174
43 33
44 72
11 130
5 131
12 112
54 69
24 166
31 14
5 198
48 4
36 48
91 20
68 41
39 13
40 35
65 89
11 40
48 109
35 75
4 119
25 138
28 109
1 19
16 158
11 71
27 140
83 25
15 196
73 52
88 13
69 38
53 105
37 7
55 74
4 141
3 16
55 35
37 96
83 22
24 96
25 15
56 80
10 124
33 138
21 9
47 28
7 10
21 66
41 138
27 76
48 48
87 19
18 74
26 135
16 66
80 8
91 14
12 28
22 190
56 99
24 24
54 26
14 95
43 74
9 61
9 179
23 111
5 31
11 27
39 14
53 18
11 37
22 100
18 87
13 60
5 2
7 110
2 98
2 17
34 2
25 115
4 49
22 136
33 40
47 95
70 69
47 60
20 193
61 65
4 30
4 117
10 156
80 35
38 57
2 160
17 11
9 21
77 41
21 190
66 7
10 6
12 62
10 143
21 160
88 53
4 39
64 39
8 34
16 187
20 146
81 65
36 30
20 84
8 15
5 162
41 43
24 81
40 52
2 8
53 34
54 19
8 199
36 144
16 191
97 38
32 13
5 40
3 101
17 99
20 56
26 6
73 36
46 31
32 103
39 25
99 10
32 130
