36 17
65 42
61 13
11 149
42 81
17 49
82 33
1 132
5 70
16 39
16 77
8 173
16 120
46 38
61 14
39 23
10 179
16 35
66 1
51 99
18 189
4 147
63 14
89 53
7 169
85 20
55 15
30 118
52 79
33 103
56 4
46 48
22 37
6 166
56 103
84 37
28 77
34 157
10 164
22 65
22 156
19 108
48 115
44 129
29 116
16 33
11 124
25 153
65 39
7 79
13 49
65 6
8 27
44 81
17 84
21 19
5 5
85 39
62 57
46 71
22 174
5 191
16 164
89 62
47 98
32 69
38 30
12 40
44 72
18 149
13 21
13 103
30 39
47 68
30 117
53 75
53 34
34 79
49 114
20 29
48 62
63 62
100 8
39 107
98 24
82 54
16 122
4 144
1 72
14 98
14 79
27 1
13 119
16 96
63 95
42 2
51 27
84 18
78 11
61 15
100 37
10 174
35 52
24 34
6 63
35 24
17 10
1 38
42 5
57 65
7 48
92 29
5 19
56 66
8 93
69 61
93 23
12 50
14 168
20 101
7 42
87 48
77 8
8 34
15 115
53 8
6 181
12 181
9 59
91 15
78 9
64 45
39 100
9 8
91 36
46 28
79 2
21 169
21 14
41 14
16 9
69 7
15 18
28 63
15 143
21 30
38 70
100 33
97 41
37 82
59 29
95 15
8 111
16 115
41 12
18 67
70 20
31 110
69 22
83 24
86 8
6 187
13 154
40 118
34 136
59 8
20 42
6 87
77 7
17 179
30 91
22 115
12 106
24 21
74 30
71 45
4 94
63 63
67 28
52 108
63 45
17 38
10 138
18 83
59 85
60 2
66 4
10 51
7 93
79 24
23 149
4 152
47 14
42 85
88 33
15 110
22 94
12 166
76 16
58 82
