1 107
15 87
28 79
10 156
35 92
39 87
37 35
81 14
57 50
96 6
23 81
5 139
54 32
25 22
73 10
36 4
39 49
2 110
78 62
41 38
40 150
97 20
38 67
4 66
75 51
1 108
5 93
39 97
53 75
96 32
24 156
17 17
91 3
11 57
4 89
3 190
31 29
49 85
40 123
20 179
14 11
47 49
14 134
6 28
6 22
11 120
42 85
19 175
14 124
57 32
50 30
47 34
26 65
23 136
7 167
22 150
9 130
18 166
11 102
23 80
12 7
25 169
2 175
6 167
19 48
7 76
4 54
78 22
32 101
12 162
7 166
94 6
81 32
32 159
37 74
75 74
72 17
23 200
78 48
78 28
64 23
46 27
67 45
64 7
46 7
53 53
4 181
99 5
98 32
12 161
32 107
100 39
16 144
1 12
19 12
2 107
8 78
29 25
14 168
14 107
2 174
22 88
23 136
15 82
66 9
1 112
25 192
5 57
47 15
98 33
27 158
50 11
37 87
69 50
25 80
15 121
9 197
75 73
20 24
75 39
41 74
17 191
18 181
59 2
73 37
22 101
17 128
32 133
94 62
11 16
85 41
12 34
27 184
14 191
43 99
27 92
34 58
1 110
10 1
13 122
15 125
1 195
13 85
17 91
64 62
47 48
15 69
15 191
75 18
4 170
65 10
44 70
1 84
4 172
17 112
91 7
29 11
44 77
83 6
80 23
100 21
2 162
43 64
3 61
36 32
57 19
53 78
8 39
43 23
38 107
50 20
25 82
74 41
9 69
19 72
98 10
14 22
67 10
100 3
32 54
90 7
29 8
43 71
19 156
3 124
12 94
79 33
26 48
31 173
18 8
22 105
17 143
39 96
16 139
1 16
65 70
89 42
52 111
70 26
6 80
