3 61
77 21
94 44
9 4
33 119
26 198
14 23
87 35
11 10
90 20
81 7
59 1
39 50
14 9
17 75
82 42
7 127
18 78
4 185
65 32
83 14
77 46
22 160
30 95
57 1
78 35
36 25
87 68
100 16
92 30
16 169
19 30
60 37
27 123
69 35
70 6
7 60
6 46
59 29
34 47
52 73
68 9
37 30
33 4
6 167
88 11
24 92
99 5
27 17
24 44
46 128
35 32
33 69
19 96
36 23
27 75
24 33
43 68
91 58
9 14
70 65
60 1
29 46
23 62
95 33
2 62
37 9
64 28
5 123
20 47
10 81
7 69
30 105
44 28
8 64
51 102
66 2
43 98
49 64
15 18
18 198
76 1
45 46
11 11
17 107
49 22
55 95
60 70
37 19
35 35
54 36
77 30
8 198
35 29
26 181
40 38
11 32
51 77
76 24
28 99
88 36
39 151
13 98
34 9
47 5
79 7
9 81
18 91
73 21
18 18
38 88
83 1
13 195
79 7
11 172
46 14
78 47
33 84
22 60
51 61
41 120
99 35
4 34
10 159
31 131
29 117
1 73
85 41
65 1
97 53
3 19
23 77
11 97
3 4
11 102
19 133
22 107
19 145
67 20
54 63
64 15
91 21
12 187
9 17
27 44
16 61
14 12
2 51
83 42
24 94
98 16
6 52
59 27
25 143
63 38
34 48
88 24
34 18
38 28
9 23
34 69
30 56
46 44
51 44
24 146
84 5
85 68
20 102
44 27
36 71
56 34
2 22
39 10
4 104
19 135
58 46
11 31
50 62
23 162
45 125
70 13
19 44
5 52
18 87
45 81
20 94
64 65
7 186
69 23
30 7
16 57
11 103
56 67
47 4
57 49
85 68
28 95
52 92
27 107
17 46
