28 107
17 178
19 190
74 1
26 10
36 19
40 47
74 45
63 53
10 146
36 3
27 49
38 73
20 40
8 132
23 83
19 6
54 66
6 119
42 63
76 24
11 127
24 80
15 24
24 47
12 112
38 96
96 39
7 128
1 116
91 64
9 67
10 80
45 70
41 91
9 116
34 56
11 118
4 8
98 11
20 82
24 83
50 56
87 64
17 197
2 7
10 1
1 173
27 48
72 31
53 29
51 14
16 73
36 9
20 151
21 57
66 34
22 157
49 16
53 113
80 59
17 193
42 35
90 37
28 43
58 87
2 57
46 22
42 56
2 151
39 73
80 17
2 134
16 44
1 159
23 90
2 159
25 38
25 25
50 60
62 30
13 93
39 100
47 47
37 146
35 53
12 163
35 3
21 3
49 52
48 115
4 93
75 40
8 103
34 59
10 132
21 176
8 123
8 166
22 117
72 37
29 196
14 130
59 51
55 109
43 44
6 66
29 37
16 99
89 1
8 96
73 45
60 60
39 135
43 120
80 63
39 4
36 34
7 170
18 64
2 199
2 93
87 5
27 5
96 29
8 84
14 85
49 67
43 25
51 111
91 43
46 9
14 140
17 179
19 134
29 9
33 98
81 2
15 79
5 53
16 18
5 58
34 26
31 114
15 57
9 64
13 90
2 16
7 64
32 102
18 153
29 173
32 42
7 8
17 94
33 9
74 46
24 189
37 132
18 140
24 122
47 33
43 109
6 102
48 3
18 24
67 57
75 40
30 173
32 101
16 51
27 107
27 125
54 53
94 9
75 15
52 8
25 123
1 185
59 28
69 10
5 196
77 40
9 121
73 73
59 64
26 9
27 136
20 143
3 16
6 188
2 51
60 22
40 108
35 56
32 112
20 118
7 39
39 33
16 92
