24 81
10 59
74 76
28 84
18 89
12 2
4 25
29 39
16 75
42 24
22 81
26 195
19 18
97 41
18 70
7 178
57 14
96 25
31 37
45 102
49 73
31 6
21 196
65 15
97 19
80 40
2 85
31 184
37 15
15 95
57 67
97 18
38 91
2 28
56 28
20 112
67 38
38 7
66 82
96 3
7 100
32 30
9 99
47 60
28 74
13 83
42 100
55 22
14 133
67 82
6 67
33 54
41 47
21 90
41 44
59 6
17 133
3 193
20 130
80 39
4 199
3 48
33 16
64 16
49 96
80 22
16 76
19 20
96 39
41 56
51 23
29 50
69 18
29 70
28 92
94 56
47 68
18 61
6 87
29 127
86 4
8 81
29 157
30 42
35 31
37 75
6 87
1 38
25 61
31 151
38 46
50 20
42 61
24 15
12 59
38 39
37 7
28 53
65 40
22 69
33 84
60 63
40 22
9 32
2 33
80 3
20 111
18 92
47 17
4 64
13 136
13 189
23 194
50 66
11 165
32 2
2 16
24 33
46 3
3 46
28 1
15 134
58 22
2 35
100 42
97 19
72 2
87 45
51 33
5 200
7 177
38 115
26 65
24 100
18 16
26 4
60 11
15 194
93 35
28 42
65 40
17 173
14 188
36 1
56 36
75 42
71 77
96 20
14 118
31 44
3 140
41 96
77 66
48 57
21 142
71 17
65 22
38 152
53 66
28 95
8 132
28 62
54 66
23 158
56 7
5 4
31 126
92 38
25 142
49 77
21 157
41 21
13 77
19 153
15 80
66 63
41 75
13 198
26 183
5 13
9 119
45 12
19 160
44 27
88 9
19 63
18 74
33 69
7 18
13 200
95 6
4 136
31 60
48 23
100 31
25 157
33 101
23 48
69 56
9 63
