98 26
92 5
18 125
12 102
27 8
21 52
18 76
64 45
11 187
16 131
44 81
80 54
31 33
91 64
59 83
4 138
70 29
87 57
51 5
5 71
19 137
23 69
38 8
39 121
34 2
18 8
74 1
59 73
38 52
31 6
52 59
16 47
18 61
9 65
8 45
55 24
79 33
36 71
27 40
53 34
95 43
95 21
72 40
43 1
8 98
46 89
81 65
43 90
27 159
28 136
8 147
34 73
24 78
3 152
49 37
32 58
4 166
31 105
7 30
73 32
13 9
52 41
64 38
23 159
12 58
28 76
73 80
2 142
10 68
2 75
29 136
29 74
76 45
68 55
19 105
64 9
53 76
21 61
84 19
58 40
7 192
5 185
47 73
8 94
59 60
31 116
24 20
40 10
15 105
25 35
11 118
13 83
58 35
30 121
36 60
2 17
81 14
34 24
5 174
84 28
10 120
62 57
77 16
7 52
71 56
83 28
8 110
3 87
36 2
17 66
6 101
27 12
2 175
3 54
61 27
9 53
11 184
26 93
3 104
6 72
89 3
48 37
80 6
52 41
13 183
37 72
11 191
24 156
51 39
8 34
27 65
70 77
56 89
4 5
72 53
79 44
1 79
31 163
33 77
9 196
33 107
5 88
26 38
28 46
58 63
12 83
22 125
8 105
50 48
60 97
30 112
52 36
76 35
8 134
14 19
6 175
4 183
69 33
72 60
60 12
22 109
66 22
21 163
23 24
80 43
74 15
3 149
11 29
18 13
8 170
10 128
10 36
2 198
47 28
1 52
13 101
32 3
3 112
13 16
27 23
60 38
64 50
3 69
15 123
11 53
6 108
14 111
96 2
54 42
70 10
35 25
35 119
15 114
31 24
40 120
1 147
9 108
28 57
68 34
54 104
