37 73
51 38
10 4
94 15
29 87
3 104
73 19
10 165
73 60
42 133
45 70
12 12
34 10
3 186
20 108
13 162
42 22
84 5
28 8
63 25
30 5
53 5
57 70
47 52
20 72
27 29
14 36
34 110
3 171
20 32
24 52
56 47
56 42
18 87
10 55
76 37
85 16
16 195
32 84
28 181
57 64
6 59
1 77
90 16
6 34
16 123
15 46
80 39
8 109
50 72
42 125
42 116
24 108
68 18
44 64
14 96
31 67
38 111
37 32
18 52
32 35
39 50
35 155
27 135
15 11
22 22
43 88
34 59
35 63
75 10
31 70
19 33
20 24
40 29
58 50
40 4
45 93
12 61
62 34
59 26
19 69
20 106
84 14
82 64
63 67
1 68
75 33
35 34
78 56
74 16
20 166
19 89
23 42
83 43
41 93
7 135
1 73
21 94
8 14
7 104
19 164
24 64
26 23
65 23
13 94
94 34
20 61
61 29
3 77
85 2
19 7
45 129
97 15
50 21
16 122
92 41
69 30
9 134
70 35
17 156
20 86
42 90
42 60
57 23
78 27
61 27
25 93
26 169
1 149
23 84
2 97
26 74
26 74
35 26
15 78
86 40
43 42
24 8
95 39
28 89
5 163
24 66
1 146
20 186
67 45
9 161
62 59
27 130
35 77
31 49
44 28
16 105
48 92
22 158
23 47
71 11
20 138
33 37
82 14
70 64
46 119
86 8
41 82
51 13
17 152
90 34
52 25
37 14
20 163
6 45
14 130
4 92
20 97
19 85
32 110
39 97
4 140
32 25
18 65
15 107
40 59
74 23
1 107
20 169
47 41
1 145
86 60
10 57
46 120
69 6
65 12
14 44
58 12
19 32
28 163
26 133
2 151
35 154
29 5
10 28
