29 21
6 50
23 157
23 162
86 13
81 34
31 153
20 144
89 39
27 62
88 52
4 106
20 10
9 112
42 26
54 10
36 53
48 50
20 57
41 97
11 174
63 42
43 4
28 37
48 102
91 45
37 1
27 183
87 26
6 182
62 35
93 33
22 198
11 41
25 145
8 140
30 58
37 115
5 114
32 77
26 20
17 2
28 121
32 82
26 24
43 127
92 38
1 185
63 55
79 58
7 159
24 141
11 53
18 137
3 155
98 47
18 174
24 107
53 55
20 39
12 5
41 19
5 6
16 172
17 141
16 180
53 3
19 28
66 75
68 3
53 22
48 33
27 104
5 126
49 12
20 69
6 130
19 51
2 27
78 40
1 169
30 106
37 97
81 59
61 25
18 43
33 42
63 34
28 26
27 13
4 192
12 185
17 82
2 12
29 15
45 68
97 29
22 130
2 18
64 22
22 69
21 152
70 54
22 64
77 9
88 37
59 24
19 52
35 69
17 7
44 109
25 46
19 92
22 9
75 68
53 36
46 39
100 4
23 18
11 197
43 76
23 47
27 8
49 75
4 22
5 157
8 136
75 46
29 36
87 47
45 58
89 31
19 191
1 31
38 112
3 50
19 88
50 79
62 9
4 170
7 37
16 42
65 61
63 74
60 36
11 76
27 49
59 12
75 16
53 22
16 182
21 72
49 76
71 84
16 111
5 95
10 4
29 117
89 48
18 65
36 46
56 99
41 41
46 37
83 18
29 103
19 14
11 182
46 84
38 41
23 20
11 9
32 11
20 84
74 53
4 12
14 83
28 71
38 59
72 11
7 198
56 31
1 149
48 61
51 27
31 104
43 2
28 44
9 21
59 62
7 76
83 10
98 15
20 33
23 85
32 75
13 55
34 31
91 13
6 43
