40 142
25 101
85 22
22 168
48 4
42 29
1 70
43 41
6 152
27 150
63 28
24 14
77 16
10 158
12 23
27 57
30 4
17 194
20 103
8 53
95 57
31 46
6 65
10 42
20 85
6 177
45 63
26 82
33 21
18 84
12 103
23 154
4 156
54 82
66 89
23 96
21 127
64 62
9 43
80 12
22 19
54 66
6 51
24 113
21 42
72 46
67 18
3 64
31 18
24 107
4 170
43 42
11 192
34 56
27 60
4 121
36 165
26 52
32 34
66 77
14 82
19 50
46 39
29 57
2 77
16 89
2 18
11 180
70 19
20 147
36 76
89 12
68 83
62 55
19 188
42 62
51 22
36 7
3 79
1 64
55 101
72 55
1 115
17 124
54 7
35 148
11 94
27 136
9 136
24 152
11 143
77 45
43 50
83 9
94 19
12 72
10 183
21 174
45 34
31 42
12 194
59 74
91 7
27 107
21 115
71 44
40 135
3 61
2 48
23 57
21 127
31 36
20 69
20 83
51 102
27 21
59 58
61 25
42 63
77 31
33 49
16 13
57 59
39 47
17 57
41 27
47 99
2 120
12 129
16 115
3 48
13 68
8 71
34 2
32 182
14 31
11 83
17 36
63 31
24 65
24 2
24 153
100 40
2 7
45 48
4 53
4 134
10 124
12 97
5 121
17 140
20 182
23 67
27 143
59 85
91 25
65 47
47 46
42 12
8 180
13 21
28 85
13 184
66 59
1 175
71 40
99 21
35 82
87 27
19 93
20 197
10 90
22 63
70 35
46 109
76 16
43 99
49 120
8 174
37 69
7 47
28 78
45 27
79 24
96 13
6 23
31 43
75 64
94 13
24 22
15 129
65 11
26 3
6 93
5 35
25 136
17 120
78 31
48 61
61 23
