24 76
77 18
14 199
87 16
74 49
23 140
59 57
44 12
6 154
10 68
82 42
35 54
26 87
2 151
47 56
85 14
21 107
19 141
31 105
90 6
32 59
12 75
84 48
24 199
11 141
33 140
21 137
38 138
25 69
31 154
30 10
79 32
13 1
2 197
14 13
4 189
3 198
34 166
29 134
68 19
27 50
12 23
7 152
20 58
60 25
30 40
3 87
42 82
47 112
16 113
60 83
49 69
84 10
15 171
17 41
2 20
13 107
2 8
29 1
3 161
1 61
21 171
23 125
33 116
45 37
41 54
10 133
1 155
44 9
82 19
88 22
10 88
48 46
6 30
8 181
11 182
4 173
21 77
13 68
10 126
4 124
69 29
30 82
91 7
2 63
37 79
19 35
35 110
27 8
78 2
12 155
80 32
33 92
33 19
34 12
3 122
32 129
59 81
22 169
48 45
17 71
88 1
63 42
59 67
36 31
86 61
42 89
9 132
34 43
40 34
43 88
21 69
44 28
27 32
32 43
34 56
43 55
25 45
5 40
40 65
28 65
92 16
9 2
33 109
73 50
40 5
30 159
10 170
8 87
25 172
25 45
16 102
12 199
30 82
24 47
27 33
34 52
78 51
56 13
9 108
56 4
44 32
25 57
79 46
19 103
1 105
40 107
48 7
39 7
30 180
9 130
15 188
5 98
33 141
52 100
38 81
32 53
9 135
59 20
49 36
35 30
69 40
23 122
23 130
6 175
15 57
26 150
58 51
16 64
5 123
52 12
17 143
83 39
20 63
79 74
48 55
44 57
38 4
60 69
15 189
4 137
26 26
42 47
72 17
20 4
85 30
7 191
83 48
60 27
5 45
53 82
11 106
59 34
7 195
34 96
2 25
36 75
24 29
10 187
78 29
