48 32
64 10
7 188
1 12
3 155
12 93
13 61
17 54
85 30
77 14
20 9
52 104
22 107
26 98
27 13
78 73
17 188
48 106
42 37
40 55
20 154
43 119
45 13
26 31
39 67
24 165
47 57
39 24
37 91
20 63
17 30
11 76
21 118
40 28
33 24
36 124
77 23
28 41
27 50
39 12
48 65
7 59
76 66
5 63
18 143
13 54
19 99
68 42
6 72
71 48
97 7
22 118
51 98
11 155
21 128
13 12
47 12
2 117
62 47
26 139
19 97
24 21
23 19
99 8
4 132
34 7
10 124
45 24
31 101
34 80
11 49
97 58
17 31
17 67
32 167
23 75
50 53
32 141
77 22
100 2
54 30
13 162
45 42
18 144
1 16
80 35
3 198
18 192
1 44
62 88
24 158
22 123
54 28
89 11
36 87
90 5
23 26
11 158
8 128
30 78
7 120
61 54
58 19
18 117
73 3
26 58
94 2
12 29
82 72
26 74
26 133
44 59
17 101
8 23
4 188
29 112
22 33
4 62
20 68
92 44
21 63
40 5
3 74
21 19
7 29
4 171
46 16
83 42
56 9
1 85
16 173
60 12
13 74
29 97
45 43
40 119
9 85
12 169
14 5
24 78
86 59
2 187
7 96
43 21
27 129
77 28
63 86
78 8
82 7
16 81
1 56
17 64
23 6
45 37
30 101
8 2
41 130
54 33
88 30
63 16
4 13
63 52
89 39
48 30
22 12
21 21
8 100
42 34
28 195
46 80
23 37
25 120
21 103
43 6
78 51
31 146
31 15
27 49
34 62
43 53
13 42
41 100
54 23
17 128
35 113
5 106
11 83
21 101
68 31
13 26
57 56
31 125
14 140
1 51
29 132
82 36
14 84
48 68
4 187
63 25
