38 47
37 59
3 90
2 43
2 112
70 9
33 115
32 49
60 54
95 31
1 61
60 13
24 93
17 89
34 6
27 22
74 23
1 124
57 41
1 89
94 30
53 20
35 85
6 87
44 45
56 1
14 10
11 118
20 137
96 57
19 132
59 76
10 71
10 99
22 65
60 11
37 3
5 138
10 159
15 149
36 72
7 122
55 39
82 23
72 39
35 6
50 45
23 53
41 29
34 12
22 121
74 3
45 46
42 48
72 47
46 70
52 90
23 146
25 182
49 16
7 56
16 28
2 18
60 17
54 14
50 49
68 35
24 69
17 14
14 158
3 153
21 60
37 149
52 109
40 21
9 75
1 64
19 78
42 97
75 3
68 42
31 6
19 6
16 108
34 135
35 59
23 78
18 157
3 120
79 5
32 169
23 151
78 35
83 21
67 33
62 3
12 78
81 21
28 12
29 94
79 27
7 13
4 158
2 131
28 78
18 43
3 21
37 52
74 4
80 13
2 127
15 187
38 140
1 163
83 14
36 93
63 10
2 176
1 191
89 61
20 94
37 71
77 35
28 114
30 89
59 49
52 89
18 35
25 156
8 64
34 96
18 26
25 65
1 52
13 49
78 63
9 101
94 19
80 4
81 27
80 43
98 53
85 11
83 9
12 77
25 63
98 22
6 40
62 78
46 6
36 82
25 5
31 160
88 17
57 4
17 141
38 76
8 165
16 119
14 21
44 81
86 61
23 82
56 28
97 15
32 55
13 136
9 83
29 125
24 10
10 21
26 187
21 29
52 74
15 169
20 18
38 15
7 114
16 73
97 6
57 64
39 71
28 101
36 107
83 13
84 1
87 6
62 16
86 43
55 7
92 32
13 86
44 93
37 19
41 26
33 155
57 25
37 6
14 194
14 188
