48 2
14 116
16 74
2 174
18 140
27 32
25 116
17 166
60 34
14 100
47 45
28 189
88 6
4 15
7 184
57 50
28 66
37 98
73 58
18 137
79 4
33 97
9 180
3 10
9 21
10 194
19 158
6 173
49 43
52 107
13 52
9 129
88 2
49 12
25 43
41 74
5 185
2 116
28 42
5 81
73 60
4 98
11 175
27 125
99 27
58 55
61 29
43 12
24 15
93 17
57 53
22 116
83 24
28 173
12 62
7 162
54 40
80 5
29 123
14 103
26 131
15 86
89 1
13 1
47 75
65 25
26 101
14 94
19 150
55 19
5 103
13 159
51 36
18 47
53 36
41 85
83 57
78 2
61 4
42 67
27 72
9 44
29 7
16 48
49 34
100 39
48 6
60 94
6 2
48 125
38 101
24 14
62 6
37 40
1 22
98 37
9 115
58 33
6 192
12 69
58 68
35 142
70 16
39 11
2 138
3 17
53 3
9 135
12 144
18 85
20 15
30 117
8 32
23 116
6 1
13 62
42 25
39 34
18 134
11 44
60 92
30 128
5 163
79 2
24 14
42 6
57 52
10 14
35 65
38 32
35 127
32 141
76 44
50 48
1 129
35 52
53 51
44 22
69 71
21 28
3 43
88 19
18 82
76 31
20 82
62 93
76 46
26 71
10 44
15 84
93 47
13 137
41 97
29 78
20 101
17 49
25 75
18 13
9 36
10 143
6 197
17 99
81 3
6 165
21 60
7 171
30 197
59 25
50 5
30 96
66 51
31 81
54 31
65 13
8 23
20 189
80 26
20 23
41 137
64 44
59 10
77 29
15 192
55 38
11 70
7 46
9 91
9 163
46 64
25 147
97 24
25 137
39 33
43 85
87 29
46 102
60 96
63 36
69 15
32 143
