54 8
23 68
41 3
45 30
13 111
28 28
78 26
28 155
67 16
70 21
13 2
85 34
69 40
25 61
23 78
19 42
13 157
66 46
8 70
42 69
67 12
11 85
66 41
100 38
30 35
60 93
10 11
20 10
22 51
12 125
65 13
81 3
62 33
70 9
5 118
36 148
69 25
7 178
83 22
25 10
35 38
4 118
87 13
21 20
66 33
38 5
15 102
83 24
10 69
8 130
22 100
21 109
79 7
90 40
97 19
61 16
45 80
17 87
65 63
30 16
66 34
1 32
53 24
19 133
23 75
3 161
33 4
45 21
32 25
11 33
27 145
13 125
8 22
10 167
100 4
38 7
59 18
27 94
9 146
4 63
4 44
27 22
23 45
7 141
46 119
19 116
50 23
96 36
23 39
95 29
37 145
69 77
2 68
35 38
14 103
23 164
24 164
89 37
15 198
61 59
66 35
34 96
89 55
84 45
35 41
37 66
3 47
46 89
32 32
15 11
27 192
77 8
41 27
47 114
32 18
15 81
5 138
25 197
6 131
2 168
34 21
64 32
95 32
49 48
17 17
18 76
31 35
22 5
43 21
29 150
49 39
75 36
14 37
54 41
6 142
79 25
27 190
36 79
43 17
12 144
4 102
2 112
47 50
70 15
21 111
63 16
25 107
23 100
7 165
20 125
28 93
23 25
69 24
80 16
15 199
38 84
7 198
9 16
99 31
59 65
45 87
2 129
64 68
27 77
23 37
4 69
95 30
22 10
8 163
38 142
18 82
52 44
56 57
41 34
81 71
75 8
29 195
10 28
23 171
18 195
37 65
15 143
93 39
34 43
44 53
3 171
7 77
38 33
5 157
28 173
37 21
29 175
33 36
82 37
34 60
11 19
79 16
1 100
72 47
7 35
