30 28
3 176
42 15
15 59
27 24
83 6
68 17
46 50
20 49
14 129
91 46
9 13
14 67
7 42
61 4
59 29
35 102
87 27
6 162
31 95
43 96
33 5
66 56
78 3
5 170
12 69
43 22
57 39
17 146
49 16
30 133
15 93
25 87
15 178
13 55
54 8
8 108
34 73
32 15
40 124
23 90
7 116
10 197
50 75
47 14
19 147
12 177
41 114
45 34
29 162
32 91
39 32
88 22
77 5
14 135
1 68
58 101
13 59
47 1
31 23
4 105
97 19
62 15
21 73
29 192
4 80
37 150
15 86
26 22
16 46
30 175
42 21
53 66
1 145
4 68
25 164
44 82
22 119
45 105
58 74
35 123
97 60
7 57
23 136
52 74
27 99
9 37
55 24
49 69
85 39
18 180
81 23
8 181
18 92
52 72
41 82
11 128
91 6
10 146
32 102
6 8
9 158
85 65
85 33
19 120
35 92
29 54
66 10
80 16
41 47
50 60
73 14
25 60
12 153
16 41
17 176
43 67
14 162
14 120
50 24
29 64
48 53
2 84
30 102
62 20
65 7
51 60
16 124
6 6
28 78
29 106
49 11
40 5
91 41
6 113
22 148
12 163
16 76
47 89
15 1
13 188
13 195
40 25
4 125
37 78
32 112
32 38
98 2
29 24
16 119
4 67
34 47
52 20
30 107
5 164
2 28
19 161
20 34
17 26
5 174
77 22
37 86
26 8
13 110
38 88
26 68
20 15
11 135
34 72
3 104
90 46
13 148
36 61
97 49
3 62
30 134
34 60
20 19
3 78
19 151
18 149
17 127
46 6
64 15
26 101
14 104
2 7
49 87
57 66
76 44
7 134
27 51
36 46
21 63
62 29
36 107
86 18
75 20
20 18
46 11
