25 112
20 117
29 94
69 37
40 17
19 105
9 129
26 17
35 5
8 28
21 164
12 122
81 14
64 91
17 123
44 16
25 18
13 71
31 13
31 82
65 67
18 90
26 99
34 149
69 44
56 7
45 60
3 1
3 119
44 131
69 19
10 137
4 55
31 81
12 72
1 88
96 41
96 22
53 21
39 153
68 44
69 20
15 103
31 71
12 155
35 96
14 21
15 82
37 109
59 81
19 170
6 138
87 35
11 83
6 6
3 124
21 15
82 56
64 70
22 43
35 32
91 12
2 40
98 40
8 80
14 103
38 57
54 60
75 19
36 18
58 35
11 85
24 83
21 102
80 23
35 106
70 22
43 125
71 42
51 28
14 72
8 10
78 18
14 5
12 10
30 119
16 103
7 160
54 61
58 7
81 5
73 19
61 20
1 170
5 62
30 64
15 181
57 62
26 68
8 152
14 45
11 32
12 105
19 194
9 81
94 11
22 151
21 9
69 5
18 78
39 51
42 61
43 108
59 47
66 75
20 66
16 48
82 16
49 68
39 68
55 32
14 127
52 13
1 188
76 36
6 116
8 185
66 2
6 78
32 177
49 15
4 101
77 72
50 5
21 32
1 121
14 31
23 119
34 115
22 122
47 34
60 3
4 47
18 145
2 22
9 101
61 33
29 92
4 35
13 180
35 88
100 14
26 164
24 53
56 39
20 169
28 9
41 94
79 50
72 26
35 39
81 16
25 42
9 62
19 102
51 26
79 4
8 110
18 13
23 123
50 13
59 85
47 71
80 23
41 34
95 61
6 128
35 75
93 51
8 67
40 18
38 131
93 28
81 29
47 18
9 14
62 12
25 115
58 50
79 30
21 130
30 180
6 146
1 28
97 1
14 186
46 53
6 72
61 17
90 24
