32 112
8 130
57 52
32 138
32 62
26 26
51 21
75 58
53 57
7 16
18 137
15 42
39 101
26 20
34 35
7 99
61 52
38 17
23 136
73 53
12 164
32 102
18 60
30 59
12 166
71 51
16 170
41 105
26 55
50 103
28 56
77 15
6 40
29 119
17 109
77 14
56 41
75 32
16 121
88 3
10 49
30 106
23 194
13 32
26 51
23 88
50 31
62 47
33 134
3 194
27 22
96 32
74 2
88 2
7 160
3 196
42 64
63 33
23 125
95 2
30 59
86 18
97 42
32 98
43 14
91 20
9 60
4 123
44 70
27 92
22 51
52 54
63 37
5 64
22 152
30 132
20 20
2 144
14 40
4 101
44 22
89 49
83 23
24 81
1 118
21 172
50 60
16 152
19 89
57 4
23 169
16 134
85 26
6 94
97 46
43 19
13 78
69 79
13 1
57 23
69 54
36 4
5 24
31 131
7 198
31 8
63 43
17 195
85 39
63 22
60 43
23 53
84 59
82 43
27 33
83 4
97 10
50 107
3 193
20 34
7 179
40 10
29 67
41 21
47 20
13 17
62 2
37 34
21 74
77 36
76 46
29 147
15 113
92 11
4 98
39 61
29 2
20 20
12 52
84 19
63 17
38 25
69 56
95 20
42 17
44 23
49 24
30 41
97 16
40 63
16 62
36 139
36 90
29 92
76 14
90 44
20 68
56 17
31 76
62 9
12 8
6 34
27 8
59 74
3 55
4 169
46 55
41 78
39 56
7 113
26 11
14 124
18 133
26 41
35 98
62 49
33 111
69 7
40 27
64 90
15 59
29 10
9 160
33 75
24 188
66 43
17 117
61 25
8 182
21 200
4 51
23 129
12 137
27 8
68 69
20 176
3 160
5 187
37 41
53 27
