35 18
82 43
20 144
68 59
14 69
11 25
24 171
11 10
84 33
56 53
21 132
36 119
17 64
4 143
65 32
10 49
35 97
5 50
53 85
26 155
10 140
12 39
29 61
8 131
88 5
4 146
42 5
28 37
52 68
34 116
96 58
5 97
17 72
11 186
29 52
10 34
22 70
14 14
13 36
44 2
15 133
33 129
57 94
18 109
15 149
77 25
15 132
38 52
9 88
78 25
20 32
25 120
85 46
34 99
5 1
15 99
71 56
7 45
12 79
28 136
21 134
28 6
1 121
38 6
64 2
53 16
40 104
12 63
20 20
34 68
8 105
46 79
60 5
7 47
19 150
10 71
5 145
9 180
67 2
76 34
64 14
17 57
28 51
44 44
46 111
22 145
3 101
43 50
22 138
73 38
26 153
89 2
42 120
62 55
13 31
21 88
45 73
92 38
1 84
84 46
27 129
3 28
26 21
9 181
2 67
21 72
64 28
75 4
8 178
4 67
30 146
7 78
25 78
12 42
36 106
54 68
79 23
78 6
20 83
10 95
77 2
5 6
16 168
81 28
40 84
1 87
58 43
43 25
19 106
5 90
24 158
76 67
13 75
59 87
23 43
32 135
26 130
55 70
1 39
41 128
45 35
47 15
65 41
64 49
16 190
80 45
24 55
20 87
22 17
49 39
15 112
28 57
30 80
73 40
39 79
5 1
28 161
18 60
21 55
67 47
69 38
51 5
4 60
62 1
62 19
31 2
15 71
66 42
22 62
80 23
92 13
28 97
84 20
8 197
50 58
31 14
82 3
78 60
45 7
12 25
25 58
78 13
69 75
21 51
66 60
11 12
9 185
88 5
98 44
58 42
78 32
58 35
26 57
69 46
89 1
49 43
98 36
68 12
17 65
15 52
