55 55
11 15
2 154
38 118
51 102
3 116
50 19
4 11
84 27
32 80
17 21
19 122
5 172
61 13
40 14
4 124
98 14
1 14
26 49
43 43
13 16
6 161
84 60
34 95
49 104
100 36
12 178
40 13
59 1
10 57
37 49
95 51
69 22
3 160
91 37
81 26
67 36
41 91
17 41
99 30
1 14
17 184
69 36
6 95
10 200
21 87
22 97
9 190
18 50
52 8
18 27
32 10
7 95
36 73
30 91
6 90
65 16
91 23
19 189
7 73
73 51
11 72
9 47
11 184
13 175
5 127
14 171
1 74
44 32
84 45
29 56
7 158
13 109
16 124
17 22
26 195
60 22
71 15
37 64
40 50
24 40
54 94
77 42
30 119
54 16
90 41
27 41
24 26
76 58
6 23
37 98
16 17
26 176
8 199
19 50
100 40
1 46
71 46
13 178
42 36
28 194
32 141
17 44
16 187
69 4
5 188
4 135
20 165
8 129
69 78
4 38
58 31
52 72
43 40
22 87
49 28
14 84
56 21
27 42
38 143
34 137
19 42
78 52
85 68
9 154
35 57
2 125
79 25
95 20
12 73
21 134
18 124
13 26
8 169
78 47
22 137
45 29
2 135
45 33
84 11
10 58
50 41
34 7
44 90
52 45
31 97
6 48
8 108
31 95
18 154
10 83
34 163
100 18
11 152
62 44
10 87
32 78
30 43
51 100
14 128
25 191
38 66
35 95
68 57
26 40
17 167
21 161
26 67
39 60
6 69
39 50
57 22
80 12
24 10
23 68
47 17
21 118
58 9
17 89
83 48
11 115
16 97
42 70
18 81
19 5
26 142
79 20
16 117
23 129
12 159
35 1
45 57
10 124
17 44
33 27
9 58
35 88
79 8
6 7
95 56
