15 57
56 77
5 171
61 22
29 49
14 2
71 12
11 196
44 76
67 19
80 5
9 185
19 147
4 117
30 162
2 157
45 80
73 53
25 53
29 165
28 110
94 10
97 14
4 123
32 125
28 128
97 36
28 66
18 116
59 45
19 148
12 179
11 101
12 16
66 1
11 171
7 71
59 33
12 115
37 12
77 22
8 108
90 41
29 136
50 41
100 20
21 123
80 22
10 68
9 8
9 136
11 55
11 109
31 141
79 5
20 83
49 71
21 83
98 15
54 38
10 125
60 8
23 103
9 58
29 56
53 18
6 57
12 146
5 164
26 75
55 40
47 111
35 119
46 1
6 43
10 148
38 50
52 59
3 194
62 14
68 56
25 162
7 122
51 84
23 173
53 93
42 18
11 111
99 23
7 152
20 149
16 23
56 51
54 37
34 59
84 52
29 113
52 10
33 5
98 4
28 70
6 176
17 121
7 127
10 79
25 138
27 3
63 62
63 25
29 97
90 46
38 114
34 72
1 31
71 46
26 119
44 73
8 126
39 5
67 13
100 44
16 74
28 89
37 74
10 120
16 112
63 32
8 156
54 85
16 88
9 184
66 50
63 12
52 56
3 64
59 79
62 30
99 40
41 113
42 80
99 8
9 146
17 178
8 144
13 103
5 105
64 1
37 9
18 99
7 68
4 162
35 130
11 142
13 50
27 21
91 39
36 97
25 168
4 126
14 120
21 143
5 130
20 147
13 61
33 48
31 119
3 166
56 42
31 13
77 4
38 16
6 2
32 123
7 66
26 30
15 11
70 1
13 86
32 110
10 147
75 67
46 84
55 12
26 84
77 19
24 50
100 12
14 186
22 70
86 19
18 163
16 62
9 131
14 77
56 95
32 79
18 134
1 127
28 19
6 24
