20 195
35 57
89 25
20 68
40 42
44 34
28 57
35 162
49 20
41 93
58 50
15 52
19 45
11 143
32 60
9 68
70 32
22 32
13 187
69 54
9 74
57 97
11 152
3 22
37 42
10 124
16 167
68 24
50 32
63 46
9 144
14 117
67 13
33 87
91 26
63 40
30 24
27 131
19 151
1 5
28 150
35 168
36 166
55 15
15 153
18 126
77 56
25 56
63 55
39 5
17 178
94 11
20 107
22 77
92 39
2 28
18 182
30 35
3 60
7 179
30 52
38 13
25 161
62 89
45 37
21 33
55 70
61 70
97 43
79 6
84 13
14 139
41 16
25 139
7 166
58 57
88 29
33 22
6 115
41 38
24 178
40 72
6 110
4 100
3 46
27 105
4 181
34 74
26 130
33 58
17 143
23 61
30 48
44 12
12 138
21 160
4 163
5 172
67 44
74 31
1 130
3 102
36 6
24 63
39 139
28 140
92 27
22 170
7 95
4 95
14 198
29 45
49 100
57 17
19 74
79 67
13 174
59 23
92 18
9 127
36 44
14 5
71 13
87 23
55 2
13 56
3 120
3 59
73 4
17 168
4 111
26 104
8 162
12 192
93 45
18 123
22 28
38 51
87 7
87 32
28 20
21 176
36 52
32 15
63 26
12 93
59 17
85 4
28 105
62 35
29 133
87 46
20 89
15 18
2 187
20 98
51 83
2 44
53 58
1 137
11 33
22 123
53 25
17 147
15 26
92 13
27 91
24 105
26 28
22 81
37 6
74 52
50 38
78 52
77 7
3 81
86 43
40 67
9 130
45 13
31 5
26 96
63 57
97 20
5 32
70 1
67 75
18 39
21 35
43 24
3 176
53 7
25 85
4 31
11 159
3 84
59 63
32 34
26 76
29 193
