63 91
87 37
50 71
24 7
44 51
53 29
45 46
5 129
5 188
52 62
55 88
32 39
32 8
85 58
71 44
47 44
4 49
96 58
16 163
27 1
69 32
69 81
16 184
15 71
18 74
6 191
25 119
22 136
11 36
17 25
72 18
60 14
90 40
75 2
10 55
74 16
11 89
41 51
16 110
12 49
48 89
1 37
37 1
13 59
77 42
6 70
9 2
52 42
14 133
80 38
3 133
67 7
26 145
25 25
13 17
53 24
73 82
24 89
27 40
68 40
5 84
23 168
28 83
36 92
16 53
27 35
12 149
76 25
47 61
54 20
4 127
72 31
33 58
38 15
47 17
30 59
10 28
51 72
34 86
67 18
67 73
55 52
32 163
82 7
28 128
2 63
75 53
12 131
20 47
3 124
59 1
16 184
27 150
94 8
63 13
17 39
37 144
26 59
91 55
55 37
36 102
67 62
28 51
8 130
6 8
1 154
71 5
44 13
53 89
49 69
22 93
75 4
19 50
14 94
7 41
19 145
9 109
33 81
11 20
49 88
23 42
75 60
17 143
4 189
11 126
36 30
100 28
12 77
48 7
26 34
20 65
45 24
28 62
18 78
3 162
1 22
10 126
25 177
34 4
99 9
55 50
7 9
2 107
28 48
46 37
22 110
12 106
63 39
19 175
23 43
18 169
36 5
34 9
33 90
29 131
37 80
62 90
13 22
98 9
13 82
62 15
13 54
16 90
24 13
51 66
10 177
19 84
52 49
12 100
29 111
10 200
77 9
24 46
27 64
49 16
10 32
36 128
21 157
67 15
57 44
21 66
74 26
26 116
21 85
62 69
22 171
45 22
57 55
63 47
29 27
72 18
33 83
8 139
17 147
28 5
92 14
75 52
15 4
63 27
24 120
