24 142
36 10
16 143
18 139
41 137
21 166
13 125
41 15
36 74
12 176
85 52
50 47
38 131
72 56
94 16
21 62
81 1
10 154
10 143
4 200
13 154
78 54
7 32
16 74
78 13
18 188
52 42
15 84
13 179
32 21
11 195
96 1
25 180
30 5
83 11
8 155
9 129
72 60
65 31
71 73
15 88
14 11
29 128
21 42
32 125
15 133
73 56
25 24
11 159
58 2
3 181
37 66
3 152
25 5
15 126
21 177
17 75
89 9
79 36
56 16
73 41
36 45
22 118
44 11
63 8
39 48
19 189
4 84
13 178
19 97
27 92
40 106
6 30
30 2
6 111
87 50
4 171
50 21
53 5
16 9
13 99
68 41
11 113
27 62
62 4
34 68
18 61
42 61
33 107
14 47
21 125
65 52
25 70
82 36
39 79
73 23
62 20
15 15
8 97
10 41
37 158
14 23
99 36
56 3
36 95
32 171
58 27
8 98
10 25
17 178
7 97
47 72
48 72
9 33
12 24
45 102
52 25
48 82
1 127
4 124
11 164
22 60
36 3
35 37
82 28
32 120
74 74
14 75
67 12
4 72
59 60
25 151
19 86
10 6
43 121
1 167
23 34
4 151
46 84
94 33
36 49
94 44
34 47
3 177
14 105
72 1
62 88
26 35
14 116
6 39
12 5
2 6
21 7
42 2
19 80
3 70
20 105
75 48
83 19
18 162
7 42
4 101
30 77
2 124
91 21
15 11
63 56
26 84
9 83
49 58
45 51
20 100
10 122
16 158
9 153
13 112
58 59
47 81
29 49
1 114
26 28
54 69
21 40
16 60
6 118
39 98
86 37
28 17
5 39
9 181
5 191
29 50
13 178
62 64
68 25
5 73
99 31
64 71
98 16
28 58
