2 178
39 69
2 76
43 121
17 44
48 77
27 108
2 187
44 11
34 54
21 86
26 128
18 17
16 158
17 60
77 16
49 30
46 23
27 142
25 50
62 52
72 56
51 35
13 49
6 26
35 91
28 62
69 71
32 39
1 85
3 80
28 105
17 23
43 64
36 85
32 101
71 10
1 126
14 82
44 20
12 50
26 155
97 35
5 155
34 5
65 26
35 1
26 1
7 136
16 104
22 32
34 97
10 47
8 193
47 24
30 24
12 4
95 5
44 58
64 8
57 50
7 119
8 184
16 90
20 128
49 106
47 10
24 13
19 104
22 131
57 28
64 25
16 151
51 21
70 14
11 94
1 87
18 102
60 87
33 56
80 71
82 33
57 17
47 109
34 80
30 56
56 65
56 61
32 97
5 185
34 43
12 136
40 61
37 106
70 43
40 27
30 171
17 192
45 8
4 138
9 195
12 145
48 5
53 31
39 65
27 7
2 162
1 69
41 44
57 98
65 22
31 65
53 38
31 87
36 100
9 185
27 84
21 105
28 41
84 58
23 6
49 37
10 190
22 181
5 119
35 40
61 20
78 18
59 12
14 174
49 6
41 1
1 143
7 103
13 132
14 151
66 53
29 159
14 17
28 34
30 81
33 17
23 51
30 156
41 133
49 27
35 61
66 15
24 39
31 110
12 116
30 6
29 127
20 196
16 54
11 38
64 57
1 126
16 25
62 20
14 9
57 88
91 48
85 25
12 61
61 16
17 167
22 88
62 2
34 126
16 50
55 62
3 133
30 104
18 104
25 98
15 14
96 13
9 142
37 31
27 112
56 6
27 123
23 178
20 80
16 90
64 87
59 52
21 8
44 82
12 181
19 63
67 44
31 66
64 35
77 26
15 158
40 109
32 59
20 80
