16 120
21 119
37 136
10 105
1 196
75 15
24 11
12 61
12 36
21 86
4 71
27 158
31 105
11 2
55 4
3 54
86 10
82 32
41 31
95 1
24 94
57 92
80 11
5 17
25 20
93 12
58 5
77 65
34 108
38 49
17 166
3 99
19 153
47 16
24 138
31 160
7 142
6 46
92 18
17 4
31 16
22 157
23 77
35 117
48 84
24 75
20 147
20 62
76 5
3 42
23 67
4 54
20 195
27 121
26 50
20 29
32 86
45 22
10 64
71 34
17 23
40 90
88 19
48 38
27 53
39 12
8 7
21 55
88 3
36 66
22 107
63 3
32 26
23 44
22 65
43 64
44 9
7 152
95 42
31 104
17 48
32 66
98 39
26 125
57 39
73 31
41 15
15 168
15 184
20 127
37 73
8 113
9 137
48 63
16 72
64 39
34 66
28 101
10 193
13 186
93 52
49 10
37 60
17 44
74 59
15 127
54 50
28 44
5 62
46 24
18 186
33 22
10 184
19 107
26 34
23 141
18 41
25 83
16 25
24 51
61 93
13 61
31 10
97 43
36 33
92 43
8 133
93 57
70 34
11 88
54 57
6 57
62 11
90 2
45 79
66 2
21 19
80 50
67 15
59 46
46 108
40 35
16 101
2 96
24 16
14 128
97 31
46 30
12 181
1 153
3 119
96 1
54 48
1 105
32 79
68 88
17 101
13 4
50 43
66 83
52 2
55 66
82 24
80 63
19 107
20 9
5 58
38 103
22 134
54 8
4 157
40 36
77 34
81 6
53 10
4 61
58 17
19 93
86 7
6 138
62 8
46 96
32 93
82 4
84 23
82 7
36 105
99 32
29 123
36 98
53 86
19 24
34 142
9 17
46 40
78 1
60 22
84 23
74 16
24 22
