11 103
71 31
11 103
19 9
9 113
6 155
42 19
35 120
13 3
5 39
24 53
5 172
81 49
42 106
12 93
3 26
45 79
96 22
88 16
75 10
88 35
76 54
85 21
55 89
14 12
15 49
64 36
2 67
29 140
25 9
66 63
41 54
19 78
69 26
87 31
5 3
52 59
44 15
75 80
6 53
82 4
15 132
100 36
63 2
39 32
13 139
20 133
12 39
6 63
9 49
82 37
37 159
50 110
6 109
40 110
11 3
54 28
27 81
21 128
9 157
19 52
34 27
35 150
53 70
22 143
17 128
35 32
27 22
6 197
60 70
99 52
45 43
5 122
11 59
76 4
15 71
9 66
33 156
75 31
47 11
27 121
72 14
63 26
28 40
20 54
65 28
31 107
40 51
13 144
46 117
25 168
9 193
62 22
1 53
35 66
46 36
35 79
11 60
9 171
46 3
20 44
2 89
26 59
2 94
12 3
36 94
13 83
40 83
30 21
74 38
59 35
25 82
1 34
23 48
12 198
67 51
9 83
23 91
7 18
43 64
6 67
40 44
29 39
16 27
78 6
17 98
28 90
50 26
22 37
16 111
16 153
8 66
80 12
57 13
21 148
9 16
6 23
72 38
7 46
27 108
7 59
9 98
48 62
65 45
40 92
98 25
69 20
67 52
9 163
24 144
76 22
34 138
48 19
13 144
5 177
19 191
67 53
38 102
21 130
14 116
6 8
12 64
70 6
11 120
23 15
75 15
17 59
34 99
23 102
88 53
43 116
31 82
77 9
17 72
12 1
33 31
37 6
16 177
21 96
46 28
15 107
34 79
47 104
23 118
9 199
45 60
19 127
67 12
46 2
12 53
51 53
31 46
27 136
86 45
44 4
12 84
70 42
24 59
12 105
11 14
