56 87
38 29
11 191
38 80
36 106
4 102
42 30
12 67
32 120
18 13
25 172
29 177
42 103
72 8
63 20
9 94
9 164
65 13
82 8
2 169
68 51
41 4
4 5
6 128
12 44
29 87
7 186
6 20
96 12
51 8
9 149
79 3
4 94
2 31
3 146
24 153
93 22
82 58
46 22
95 37
30 4
34 172
53 37
12 131
12 119
11 79
42 34
43 28
18 123
64 5
29 94
87 42
5 155
62 6
24 190
2 56
89 23
19 142
79 28
61 10
6 72
56 47
11 98
26 81
36 32
12 57
85 21
7 151
73 11
13 41
17 116
10 9
15 145
45 9
33 88
3 23
94 50
32 16
93 17
24 28
15 153
29 54
3 127
79 27
24 109
20 99
17 19
32 63
62 14
44 3
63 28
93 28
26 62
28 158
4 132
72 8
20 170
54 25
12 50
5 166
95 30
67 24
1 40
31 124
38 82
19 38
75 19
55 42
94 27
25 155
6 194
82 72
3 78
50 40
38 94
3 159
12 13
72 27
28 61
72 2
79 48
11 66
8 153
16 162
52 66
6 102
8 81
24 88
29 162
100 34
64 3
51 6
18 179
33 9
61 26
27 51
38 11
58 5
14 185
10 175
81 40
20 105
89 9
39 45
30 180
79 17
89 29
33 115
8 75
65 61
3 193
26 179
81 4
54 63
66 34
11 150
2 157
84 24
32 90
19 192
51 43
6 33
76 73
2 75
67 27
3 44
2 166
37 66
13 178
59 85
4 188
79 74
43 100
32 138
15 198
8 119
10 180
24 18
35 8
49 77
18 102
4 23
27 17
65 27
29 25
27 69
6 53
82 30
78 32
10 99
49 61
28 50
85 69
48 82
42 91
85 29
18 57
81 7
18 18
37 122
