11 99
41 8
7 25
51 50
17 122
41 14
37 46
8 75
4 83
26 70
23 166
24 86
29 82
37 54
74 47
15 168
32 17
4 27
37 12
31 95
53 3
15 57
82 4
79 33
34 43
97 49
41 11
8 194
32 112
56 18
9 200
14 37
71 46
25 158
50 37
2 200
9 126
25 18
50 115
21 18
64 13
77 34
15 156
24 125
37 46
31 10
49 48
89 14
13 181
51 89
27 48
9 144
29 73
8 4
98 44
38 104
9 153
9 45
15 24
19 72
3 8
1 50
44 14
4 81
13 68
16 85
13 189
55 17
61 44
100 50
50 12
32 17
18 58
77 51
29 194
21 81
29 95
37 92
53 4
21 105
1 109
48 23
29 48
28 61
16 191
32 141
14 24
33 102
6 152
12 35
1 30
34 56
1 67
32 113
16 90
72 29
8 11
14 175
57 46
11 47
14 19
82 1
79 19
27 104
42 16
4 66
18 116
46 68
22 43
39 60
28 25
84 4
51 48
20 165
40 98
51 97
15 14
20 23
44 34
53 19
51 41
59 90
5 121
43 126
29 109
1 88
52 39
44 79
81 63
8 38
48 79
7 9
43 134
9 190
23 54
42 46
42 127
3 95
16 194
63 83
24 149
36 35
11 126
22 96
10 40
82 40
40 120
48 95
26 43
16 45
29 18
23 78
70 8
8 158
13 156
10 40
23 117
8 180
10 64
75 40
8 59
1 59
84 60
15 4
19 188
15 112
32 99
53 17
4 61
15 132
39 26
18 185
75 29
1 84
34 29
5 163
13 82
20 18
55 29
36 162
4 200
13 54
10 118
14 72
29 75
20 131
88 1
21 195
25 120
17 30
99 60
74 4
12 194
5 104
3 182
62 1
5 175
56 71
22 71
41 67
