8 154
81 41
10 170
53 89
22 53
22 23
62 70
33 127
44 17
23 118
64 10
3 29
7 39
34 113
23 1
14 179
4 29
26 52
34 75
31 127
8 6
4 14
24 144
52 6
55 2
27 106
62 85
57 58
52 92
21 163
71 23
46 57
51 3
13 88
14 122
34 9
57 23
32 159
42 54
15 89
22 19
50 78
27 62
19 189
72 53
45 80
81 36
28 12
15 51
3 99
83 41
58 64
79 34
59 27
58 6
61 63
37 46
80 40
20 54
51 94
59 59
11 167
46 89
45 36
10 92
20 116
4 142
2 101
74 16
28 195
25 41
15 6
28 67
80 7
3 43
99 20
21 87
62 68
15 154
20 26
73 52
27 8
37 147
14 27
5 187
31 119
9 74
55 33
72 25
11 37
56 85
4 149
56 60
17 180
12 58
10 157
16 65
2 130
9 24
65 59
10 4
21 69
2 168
7 62
50 18
84 37
31 73
78 42
8 13
7 138
8 199
12 120
29 159
87 38
12 36
58 33
15 89
48 33
9 109
16 178
28 7
94 40
28 65
4 152
12 80
19 196
9 165
89 32
43 84
17 158
38 88
58 87
25 116
24 162
29 1
10 118
22 160
42 77
23 59
63 87
52 17
64 76
66 36
81 8
57 58
52 6
62 2
28 77
86 55
60 55
25 57
8 17
37 113
70 15
74 52
49 90
43 20
24 124
71 50
97 40
19 72
59 62
34 55
29 121
20 69
60 22
10 168
18 89
24 4
3 174
30 31
21 86
8 190
14 26
12 91
21 57
8 27
22 26
96 12
2 51
78 22
9 84
32 107
38 46
53 20
44 80
59 31
45 8
20 88
31 154
17 16
16 56
10 39
89 23
56 65
4 153
48 60
91 13
47 40
46 19
