17 105
72 46
42 59
52 7
68 45
16 6
13 82
31 13
39 53
54 32
2 123
9 185
64 92
24 19
77 25
55 21
39 56
7 67
74 25
16 99
48 116
74 18
33 81
66 12
11 129
17 72
2 174
75 44
66 40
33 60
28 138
14 101
49 61
77 4
7 43
8 83
68 2
1 53
93 37
31 78
17 167
1 85
31 86
19 11
82 7
36 40
7 103
2 124
4 129
61 10
81 14
59 4
37 18
54 44
87 22
31 59
64 73
17 119
24 15
94 42
25 121
15 107
7 78
21 2
62 34
3 5
8 97
15 43
24 144
27 31
16 195
13 42
1 58
55 21
3 94
64 69
59 84
24 24
40 127
30 16
18 8
20 168
17 55
52 32
25 4
99 14
67 9
44 91
73 27
91 49
62 25
13 162
22 58
30 38
77 15
11 181
3 17
2 195
33 80
4 198
13 180
1 142
59 59
22 95
45 43
10 19
6 138
32 82
54 81
2 24
17 140
39 64
29 52
63 73
23 137
51 68
12 196
30 114
3 154
66 16
34 59
6 177
71 52
26 47
31 181
47 82
42 72
38 48
46 41
26 65
50 114
43 90
2 173
2 98
46 6
8 96
19 123
44 19
43 61
3 58
53 113
70 46
71 51
29 170
47 56
3 34
13 44
8 121
64 34
88 19
34 48
67 21
91 14
40 57
36 17
13 170
13 100
37 4
61 2
95 22
27 146
13 41
91 22
10 85
1 184
97 4
37 25
41 110
97 23
84 9
77 42
12 36
2 130
66 65
1 120
21 161
72 81
76 31
42 22
74 50
88 1
36 143
44 50
56 88
60 70
9 142
13 91
65 29
7 132
29 107
7 102
34 79
100 23
13 67
14 72
39 81
34 14
3 88
10 10
5 33
