57 69
72 36
24 70
87 29
36 5
2 134
34 155
21 74
22 99
48 101
4 124
46 18
4 151
26 159
74 35
10 10
85 29
76 15
5 31
46 110
6 189
7 48
21 165
7 133
22 106
30 51
20 26
13 163
52 25
31 92
2 96
22 94
8 150
69 1
96 34
1 91
1 100
23 5
43 20
9 196
49 26
54 9
40 57
91 10
30 11
32 107
11 25
12 21
20 15
48 31
9 42
35 148
42 50
20 112
35 3
41 68
9 153
33 49
14 4
85 11
1 168
66 29
19 192
54 3
46 52
11 151
76 49
31 23
47 120
3 147
13 112
92 47
45 38
14 169
77 38
7 182
32 45
12 100
41 3
12 96
13 3
40 79
6 61
22 40
89 42
58 43
42 7
83 10
44 45
3 187
65 44
3 124
28 132
8 126
76 3
75 47
51 14
4 195
7 114
29 78
69 62
47 54
17 33
51 96
15 16
8 165
3 67
30 97
20 172
19 148
32 24
20 151
30 118
25 107
17 2
60 13
44 60
16 129
81 70
10 63
15 153
25 89
2 75
30 64
22 63
3 69
41 28
2 82
22 84
20 76
18 44
82 21
5 78
15 63
69 22
29 189
28 28
38 57
25 134
3 49
50 71
13 79
67 25
16 170
94 17
51 110
5 2
27 6
83 41
4 75
77 28
20 128
25 143
15 162
48 37
29 130
82 23
39 16
36 11
27 98
94 44
48 108
80 67
71 8
47 115
44 57
33 134
2 137
99 5
28 43
17 51
21 164
18 168
10 27
16 92
28 182
46 47
21 25
16 73
78 5
3 111
49 16
26 45
48 42
3 55
83 57
75 18
36 44
9 163
8 109
22 155
56 29
9 31
6 66
19 176
11 97
34 67
89 59
13 175
47 40
