16 94
9 137
23 128
46 35
52 36
80 47
60 14
7 46
18 185
6 182
49 51
6 156
59 26
4 47
68 28
42 47
25 27
3 144
20 154
15 172
15 92
38 52
59 66
14 23
2 64
34 155
60 63
12 128
71 45
1 122
76 64
70 23
10 123
49 28
3 158
15 109
71 41
37 2
26 47
12 175
1 186
32 40
77 47
54 31
7 54
92 41
3 138
17 163
68 34
2 150
48 110
20 19
20 73
32 34
81 25
19 7
24 72
19 157
12 27
7 81
5 87
6 145
87 65
20 6
73 8
18 112
19 178
67 42
25 80
91 13
41 84
23 4
33 124
16 65
26 58
76 21
8 168
17 198
11 101
18 126
13 16
84 5
66 2
28 5
9 137
21 172
87 46
24 19
56 14
5 138
74 49
10 156
51 69
9 38
50 8
8 192
18 105
12 53
59 35
34 152
9 48
17 68
25 78
32 155
67 67
88 38
25 61
82 41
30 74
53 96
86 36
4 129
100 6
27 45
70 55
40 82
41 61
32 124
37 15
88 17
36 83
63 64
31 140
5 117
27 91
67 57
13 54
37 47
82 27
8 135
52 16
55 57
46 13
29 130
51 52
98 10
20 158
65 21
21 199
16 188
94 4
82 31
18 150
51 16
4 79
41 102
21 113
68 24
82 35
77 56
35 35
35 134
40 84
36 12
87 11
47 80
74 20
10 188
20 46
27 104
67 33
35 116
9 72
46 42
40 140
19 46
18 138
99 30
26 23
5 2
22 152
66 3
16 157
62 65
9 130
22 174
56 35
4 70
1 36
49 74
34 168
18 139
42 47
11 33
38 4
18 32
78 4
23 27
20 98
5 129
50 16
35 26
64 14
25 16
40 1
5 118
3 92
1 176
4 95
15 155
